0	0	215	1	209
1	0	211	1	213
2	0	208	1	216
3	0	205	1	219
4	0	203	1	221
5	0	201	1	223
6	0	199	1	225
7	0	198	1	226
8	0	196	1	228
9	0	195	1	229
10	0	194	1	230
11	0	193	1	231
12	0	192	1	232
13	0	191	1	233
14	0	190	1	234
15	0	190	1	234
16	0	189	1	235
17	0	189	1	235
18	0	188	1	236
19	0	187	1	237
20	0	187	1	231
21	0	187	1	223
22	0	186	1	217
23	0	186	1	210
24	0	185	1	205
25	0	185	1	199
26	0	185	1	193
27	0	184	1	189
28	0	184	1	184
29	0	184	1	179
30	0	184	1	175
31	0	183	1	171
32	0	183	1	167
33	0	183	1	163
34	0	183	4	160
35	0	183	8	156
36	0	182	11	153
37	0	182	14	150
38	0	182	18	147
39	0	182	21	144
40	0	182	23	141
41	0	181	26	139
42	0	181	29	136
43	0	181	31	134
44	0	181	34	131
45	0	181	36	129
46	0	181	38	126
47	0	181	40	124
48	1	181	42	122
49	4	180	41	121
50	7	180	40	119
51	9	180	39	117
52	12	180	38	115
53	14	180	38	113
54	17	180	37	111
55	19	180	37	109
56	21	180	36	108
57	23	180	36	106
58	25	180	35	104
59	27	179	35	104
60	29	179	34	102
61	31	179	34	101
62	33	179	33	99
63	35	179	32	98
64	37	179	32	97
65	39	179	31	95
66	40	179	31	94
67	42	179	30	93
68	43	179	31	92
69	45	179	30	90
70	0	214	1	210
71	0	210	1	214
72	0	207	1	217
73	0	205	1	219
74	0	202	1	222
75	0	200	1	224
76	0	199	1	225
77	0	197	1	227
78	0	196	1	228
79	0	195	1	229
80	0	194	1	230
81	0	193	1	231
82	0	192	1	232
83	0	191	1	233
84	0	190	1	234
85	0	190	1	234
86	0	189	1	235
87	0	188	1	236
88	0	188	1	236
89	0	187	1	237
90	0	187	1	229
91	0	186	1	222
92	0	186	1	215
93	0	186	1	209
94	0	185	1	204
95	0	185	1	198
96	0	185	1	192
97	0	184	1	188
98	0	184	1	183
99	0	184	1	178
100	0	184	1	174
101	0	183	3	170
102	0	183	7	166
103	0	183	10	162
104	0	183	14	159
105	0	182	17	156
106	0	182	20	153
107	0	182	23	149
108	0	182	26	146
109	0	182	29	143
110	0	182	32	140
111	0	181	34	138
112	0	181	37	136
113	0	181	39	133
114	0	181	41	131
115	0	181	43	128
116	3	181	43	126
117	6	181	42	124
118	9	180	41	122
119	11	180	40	120
120	14	180	39	118
121	16	180	39	116
122	19	180	38	114
123	21	180	38	112
124	23	180	37	111
125	26	180	36	109
126	28	180	35	107
127	30	180	35	106
128	32	180	34	104
129	34	179	34	103
130	36	179	33	102
131	37	179	33	100
132	39	179	33	99
133	41	179	32	98
134	43	179	31	96
135	44	179	31	95
136	46	179	31	94
137	47	179	31	92
138	49	179	30	91
139	50	179	30	90
140	0	213	1	211
141	0	209	1	215
142	0	206	1	218
143	0	204	1	220
144	0	202	1	222
145	0	200	1	224
146	0	198	1	226
147	0	197	1	227
148	0	195	1	229
149	0	194	1	230
150	0	193	1	231
151	0	192	1	232
152	0	191	1	233
153	0	191	1	233
154	0	190	1	234
155	0	189	1	235
156	0	189	1	235
157	0	188	1	236
158	0	188	1	236
159	0	187	1	235
160	0	187	1	227
161	0	186	1	220
162	0	186	1	214
163	0	186	1	207
164	0	185	1	202
165	0	185	1	196
166	0	185	1	191
167	0	184	1	187
168	0	184	2	182
169	0	184	6	177
170	0	183	10	174
171	0	183	13	169
172	0	183	17	165
173	0	183	20	161
174	0	183	23	158
175	0	182	26	155
176	0	182	29	152
177	0	182	32	148
178	0	182	35	145
179	0	182	37	142
180	0	182	40	139
181	0	181	42	138
182	0	181	44	135
183	2	181	45	132
184	5	181	44	130
185	8	181	43	128
186	11	181	42	125
187	13	181	42	123
188	16	180	41	122
189	18	180	40	120
190	21	180	39	118
191	23	180	39	116
192	26	180	37	114
193	28	180	37	112
194	30	180	37	110
195	32	180	36	108
196	34	180	35	107
197	36	180	35	105
198	38	179	34	105
199	40	179	34	103
200	42	179	33	102
201	43	179	33	100
202	45	179	32	99
203	47	179	31	97
204	48	179	32	96
205	50	179	31	95
206	51	179	31	93
207	53	179	30	92
208	54	179	30	91
209	56	179	29	90
210	0	212	1	212
211	0	208	1	216
212	0	206	1	218
213	0	203	1	221
214	0	201	1	223
215	0	199	1	225
216	0	198	1	226
217	0	196	1	228
218	0	195	1	229
219	0	194	1	230
220	0	193	1	231
221	0	192	1	232
222	0	191	1	233
223	0	190	1	234
224	0	190	1	234
225	0	189	1	235
226	0	188	1	236
227	0	188	1	236
228	0	187	1	237
229	0	187	1	233
230	0	187	1	225
231	0	186	1	219
232	0	186	1	212
233	0	185	1	207
234	0	185	1	201
235	0	185	1	195
236	0	184	4	190
237	0	184	8	185
238	0	184	12	180
239	0	184	16	176
240	0	183	20	172
241	0	183	23	168
242	0	183	26	164
243	0	183	29	160
244	0	182	32	158
245	0	182	35	154
246	0	182	38	151
247	0	182	41	148
248	0	182	43	145
249	0	182	45	142
250	1	181	47	140
251	4	181	46	137
252	7	181	45	134
253	10	181	44	132
254	13	181	43	129
255	16	181	42	127
256	18	181	42	125
257	21	180	41	123
258	23	180	40	121
259	26	180	39	119
260	28	180	39	117
261	30	180	38	115
262	32	180	38	113
263	34	180	37	112
264	37	180	36	110
265	38	180	36	108
266	40	180	36	106
267	42	179	35	106
268	44	179	34	104
269	46	179	33	103
270	48	179	33	101
271	49	179	33	100
272	51	179	32	98
273	52	179	32	97
274	54	179	31	96
275	55	179	31	94
276	57	179	30	93
277	58	179	30	92
278	60	179	29	91
279	61	179	29	89
280	0	211	1	213
281	0	208	1	216
282	0	205	1	219
283	0	202	1	222
284	0	200	1	224
285	0	199	1	225
286	0	197	1	227
287	0	196	1	228
288	0	195	1	229
289	0	194	1	230
290	0	193	1	231
291	0	192	1	232
292	0	191	1	233
293	0	190	1	234
294	0	189	1	235
295	0	189	1	235
296	0	188	1	236
297	0	188	1	236
298	0	187	1	237
299	0	187	1	231
300	0	186	1	224
301	0	186	1	217
302	0	186	1	210
303	0	185	3	205
304	0	185	7	199
305	0	185	11	193
306	0	184	15	189
307	0	184	19	184
308	0	184	23	179
309	0	183	26	176
310	0	183	30	171
311	0	183	33	167
312	0	183	36	163
313	0	183	39	159
314	0	182	41	157
315	0	182	44	153
316	0	182	47	150
317	0	182	49	147
318	3	182	48	144
319	6	182	48	141
320	9	181	47	139
321	12	181	46	136
322	15	181	45	134
323	18	181	44	131
324	21	181	43	129
325	23	181	42	126
326	26	181	41	124
327	28	180	41	123
328	31	180	39	121
329	33	180	39	119
330	35	180	38	117
331	37	180	38	115
332	39	180	37	113
333	41	180	37	111
334	43	180	36	109
335	45	180	35	108
336	47	180	35	106
337	48	179	35	105
338	50	179	34	104
339	52	179	33	102
340	53	179	33	101
341	55	179	32	99
342	57	179	31	98
343	58	179	31	97
344	59	179	31	95
345	61	179	30	94
346	62	179	30	93
347	64	179	29	92
348	65	179	29	90
349	66	179	29	89
350	0	210	1	214
351	0	207	1	217
352	0	204	1	220
353	0	202	1	222
354	0	200	1	224
355	0	198	1	226
356	0	197	1	227
357	0	195	1	229
358	0	194	1	230
359	0	193	1	231
360	0	192	1	232
361	0	191	1	233
362	0	191	1	233
363	0	190	1	234
364	0	189	1	235
365	0	189	1	235
366	0	188	1	236
367	0	188	1	236
368	0	187	1	237
369	0	187	1	229
370	0	186	1	222
371	0	186	6	215
372	0	185	10	210
373	0	185	15	204
374	0	185	19	198
375	0	184	23	193
376	0	184	27	188
377	0	184	30	183
378	0	184	33	178
379	0	183	37	175
380	0	183	40	170
381	0	183	43	166
382	0	183	45	162
383	0	183	48	159
384	0	182	50	156
385	1	182	52	153
386	5	182	50	149
387	8	182	49	146
388	12	182	48	143
389	15	181	47	141
390	18	181	46	138
391	20	181	46	136
392	23	181	44	133
393	26	181	43	130
394	28	181	43	128
395	31	181	42	126
396	33	180	41	124
397	36	180	40	122
398	38	180	39	120
399	40	180	39	118
400	42	180	38	116
401	44	180	37	114
402	46	180	37	112
403	48	180	36	111
404	50	180	35	109
405	51	180	35	107
406	53	179	34	107
407	55	179	34	105
408	56	179	34	103
409	58	179	33	102
410	59	179	33	100
411	61	179	32	99
412	62	179	32	98
413	64	179	31	96
414	65	179	31	95
415	66	179	31	94
416	68	179	29	92
417	69	179	29	91
418	70	179	29	90
419	71	179	29	89
420	0	209	1	215
421	0	206	1	218
422	0	203	1	221
423	0	201	1	223
424	0	199	1	225
425	0	198	1	226
426	0	196	1	228
427	0	195	1	229
428	0	194	1	230
429	0	193	1	231
430	0	192	1	232
431	0	191	1	233
432	0	190	1	234
433	0	190	1	234
434	0	189	1	235
435	0	188	1	236
436	0	188	1	236
437	0	187	1	237
438	0	187	4	235
439	0	186	9	228
440	0	186	14	220
441	0	186	18	214
442	0	185	23	208
443	0	185	27	202
444	0	185	30	196
445	0	184	34	192
446	0	184	37	187
447	0	184	41	182
448	0	184	44	177
449	0	183	47	174
450	0	183	49	169
451	0	183	52	165
452	0	183	55	161
453	4	182	53	159
454	7	182	52	155
455	11	182	51	152
456	14	182	50	148
457	17	182	49	145
458	20	182	48	142
459	23	181	47	140
460	26	181	45	138
461	29	181	44	135
462	31	181	44	132
463	34	181	43	130
464	36	181	42	127
465	38	181	42	125
466	41	180	40	124
467	43	180	40	122
468	45	180	39	120
469	47	180	38	118
470	49	180	38	116
471	51	180	37	114
472	52	180	37	112
473	54	180	36	110
474	56	180	35	108
475	58	180	34	107
476	59	179	34	106
477	61	179	33	105
478	62	179	33	103
479	64	179	32	102
480	65	179	32	100
481	67	179	31	99
482	68	179	31	97
483	69	179	31	96
484	70	179	31	95
485	72	179	30	93
486	73	179	30	92
487	74	179	29	91
488	75	179	29	90
489	76	179	29	89
490	0	208	1	216
491	0	205	1	219
492	0	203	1	221
493	0	201	1	223
494	0	199	1	225
495	0	197	1	227
496	0	196	1	228
497	0	195	1	229
498	0	194	1	230
499	0	193	1	231
500	0	192	1	232
501	0	191	1	233
502	0	190	1	234
503	0	189	1	235
504	0	189	1	235
505	0	188	2	236
506	0	188	8	236
507	0	187	13	237
508	0	187	18	233
509	0	186	22	226
510	0	186	27	219
511	0	186	31	212
512	0	185	35	207
513	0	185	38	201
514	0	185	42	195
515	0	184	45	190
516	0	184	48	185
517	0	184	51	180
518	0	183	54	177
519	0	183	57	172
520	2	183	57	168
521	6	183	56	164
522	10	183	54	160
523	14	182	52	158
524	17	182	51	154
525	20	182	50	151
526	23	182	49	148
527	26	182	48	145
528	29	181	47	143
529	32	181	46	140
530	34	181	45	137
531	37	181	44	134
532	39	181	43	132
533	41	181	43	129
534	44	181	41	127
535	46	180	41	126
536	48	180	40	123
537	50	180	39	121
538	52	180	39	119
539	54	180	38	117
540	56	180	37	115
541	57	180	37	113
542	59	180	36	111
543	61	180	35	110
544	62	180	35	108
545	64	179	34	107
546	65	179	34	106
547	67	179	33	104
548	68	179	33	103
549	70	179	32	101
550	71	179	32	100
551	72	179	32	98
552	74	179	31	97
553	75	179	30	96
554	76	179	30	94
555	77	179	30	93
556	78	179	30	92
557	79	179	29	91
558	80	179	29	89
559	82	178	28	89
560	0	207	1	217
561	0	204	1	220
562	0	202	1	222
563	0	200	1	224
564	0	198	1	226
565	0	197	1	227
566	0	195	1	229
567	0	194	1	230
568	0	193	1	231
569	0	192	1	232
570	0	191	1	233
571	0	191	1	233
572	0	190	1	234
573	0	189	6	235
574	0	189	12	235
575	0	188	17	236
576	0	188	22	236
577	0	187	27	237
578	0	187	31	231
579	0	186	36	224
580	0	186	40	217
581	0	185	43	211
582	0	185	47	205
583	0	185	50	199
584	0	184	53	194
585	0	184	56	189
586	0	184	59	184
587	1	184	60	179
588	5	183	59	176
589	9	183	57	171
590	13	183	56	167
591	16	183	55	163
592	20	182	53	160
593	23	182	52	157
594	26	182	51	153
595	29	182	50	150
596	32	182	49	147
597	35	182	47	144
598	37	181	47	142
599	40	181	45	139
600	42	181	45	136
601	45	181	43	134
602	47	181	43	131
603	49	181	42	129
604	51	181	41	126
605	53	180	41	125
606	55	180	40	123
607	57	180	39	121
608	59	180	38	119
609	61	180	37	117
610	62	180	37	115
611	64	180	36	113
612	66	180	35	111
613	67	180	35	109
614	69	180	34	108
615	70	179	34	107
616	72	179	33	105
617	73	179	33	104
618	74	179	33	102
619	76	179	32	101
620	77	179	31	99
621	78	179	31	98
622	79	179	31	97
623	80	179	31	95
624	81	179	30	94
625	83	179	29	93
626	84	179	29	91
627	85	179	28	90
628	86	179	28	89
629	87	178	28	89
630	0	206	1	218
631	0	204	1	220
632	0	201	1	223
633	0	199	1	225
634	0	198	1	226
635	0	196	1	228
636	0	195	1	229
637	0	194	1	230
638	0	193	1	231
639	0	192	1	232
640	0	191	4	233
641	0	190	10	234
642	0	190	16	234
643	0	189	22	235
644	0	188	27	236
645	0	188	32	236
646	0	187	37	237
647	0	187	41	237
648	0	186	45	230
649	0	186	49	222
650	0	186	52	215
651	0	185	55	210
652	0	185	58	204
653	0	185	61	198
654	0	184	64	193
655	4	184	63	188
656	8	184	61	183
657	12	183	60	179
658	16	183	58	175
659	20	183	56	170
660	23	183	55	166
661	26	183	54	162
662	30	182	52	160
663	33	182	51	156
664	36	182	50	152
665	38	182	49	149
666	41	182	48	146
667	44	181	46	144
668	46	181	46	141
669	48	181	45	138
670	51	181	44	136
671	53	181	43	133
672	55	181	42	130
673	57	181	41	128
674	59	180	41	127
675	61	180	40	124
676	62	180	40	122
677	64	180	39	120
678	66	180	38	118
679	68	180	37	116
680	69	180	37	114
681	71	180	36	112
682	72	180	36	111
683	74	180	34	109
684	75	179	34	108
685	76	179	34	107
686	78	179	33	105
687	79	179	33	103
688	80	179	33	102
689	81	179	32	100
690	82	179	32	99
691	84	179	31	98
692	85	179	30	96
693	86	179	30	95
694	87	179	30	94
695	88	179	29	92
696	89	179	29	91
697	90	179	28	90
698	91	178	28	90
699	92	178	28	89
700	0	205	1	219
701	0	203	1	221
702	0	201	1	223
703	0	199	1	225
704	0	197	1	227
705	0	196	1	228
706	0	195	1	229
707	0	194	1	230
708	0	193	8	231
709	0	192	15	232
710	0	191	22	233
711	0	190	28	234
712	0	189	33	235
713	0	189	38	235
714	0	188	42	236
715	0	188	47	236
716	0	187	51	237
717	0	187	55	235
718	0	186	58	228
719	0	186	61	220
720	0	185	64	215
721	0	185	67	208
722	2	185	68	202
723	7	184	66	197
724	11	184	64	192
725	15	184	62	187
726	19	184	61	182
727	23	183	59	178
728	27	183	57	173
729	30	183	56	169
730	33	183	55	165
731	36	182	53	162
732	39	182	52	159
733	42	182	51	155
734	45	182	49	152
735	47	182	49	148
736	50	182	47	145
737	52	181	46	143
738	54	181	46	140
739	57	181	44	138
740	59	181	43	135
741	61	181	42	132
742	63	181	41	130
743	64	181	42	127
744	66	180	41	126
745	68	180	40	124
746	70	180	39	122
747	71	180	38	120
748	73	180	37	118
749	74	180	37	116
750	76	180	36	114
751	77	180	36	112
752	79	180	35	110
753	80	180	35	108
754	81	179	34	108
755	82	179	34	106
756	84	179	33	105
757	85	179	32	103
758	86	179	32	101
759	87	179	32	100
760	88	179	31	99
761	89	179	31	97
762	90	179	31	96
763	91	179	30	95
764	92	179	30	93
765	93	179	29	92
766	94	179	29	91
767	95	178	28	91
768	96	178	28	90
769	97	178	27	88
770	0	205	1	219
771	0	202	1	222
772	0	200	1	224
773	0	198	1	226
774	0	197	1	227
775	0	196	6	228
776	0	194	14	230
777	0	193	21	231
778	0	192	28	232
779	0	191	34	233
780	0	191	39	233
781	0	190	44	234
782	0	189	49	235
783	0	189	53	235
784	0	188	57	236
785	0	187	61	237
786	0	187	65	237
787	0	187	68	233
788	0	186	71	226
789	0	186	74	219
790	5	185	72	213
791	10	185	69	207
792	15	185	67	201
793	19	184	65	196
794	23	184	63	190
795	27	184	61	185
796	30	184	60	180
797	34	183	58	177
798	37	183	57	172
799	40	183	55	168
800	43	183	54	164
801	46	182	52	161
802	49	182	51	158
803	51	182	50	154
804	54	182	49	151
805	56	182	48	148
806	58	181	47	145
807	61	181	45	142
808	63	181	44	140
809	65	181	44	137
810	67	181	43	134
811	68	181	43	132
812	70	181	42	129
813	72	180	41	128
814	74	180	40	126
815	75	180	39	123
816	77	180	38	121
817	78	180	38	119
818	80	180	37	117
819	81	180	37	115
820	82	180	36	113
821	84	180	35	111
822	85	180	35	110
823	86	179	35	109
824	87	179	34	107
825	89	179	33	106
826	90	179	32	104
827	91	179	32	103
828	92	179	32	101
829	93	179	31	100
830	94	179	31	98
831	95	179	30	97
832	96	179	30	96
833	97	179	29	94
834	98	179	29	93
835	98	179	29	92
836	99	179	29	91
837	100	178	28	90
838	101	178	28	89
839	102	178	27	88
840	0	204	1	220
841	0	202	1	222
842	0	200	3	224
843	0	198	12	226
844	0	196	21	228
845	0	195	28	229
846	0	194	35	230
847	0	193	41	231
848	0	192	47	232
849	0	191	52	233
850	0	190	57	234
851	0	190	61	234
852	0	189	65	235
853	0	188	69	236
854	0	188	72	236
855	0	187	75	237
856	0	187	78	237
857	4	186	77	232
858	9	186	75	224
859	14	186	72	217
860	19	185	70	211
861	23	185	68	205
862	27	185	66	199
863	31	184	64	194
864	35	184	62	189
865	38	184	60	184
866	41	183	59	180
867	45	183	57	176
868	48	183	55	171
869	50	183	55	167
870	53	182	53	164
871	56	182	51	160
872	58	182	51	157
873	61	182	49	153
874	63	182	48	150
875	65	182	47	147
876	67	181	46	145
877	69	181	45	142
878	71	181	44	139
879	73	181	43	136
880	74	181	43	134
881	76	181	42	131
882	78	181	41	129
883	79	180	41	127
884	81	180	39	125
885	82	180	39	123
886	84	180	38	121
887	85	180	38	119
888	86	180	37	117
889	88	180	36	115
890	89	180	36	113
891	90	180	35	111
892	91	180	35	109
893	92	179	34	109
894	94	179	33	107
895	95	179	33	105
896	96	179	32	104
897	97	179	32	102
898	98	179	31	101
899	99	179	31	99
900	99	179	31	98
901	100	179	31	97
902	101	179	30	95
903	102	179	30	94
904	103	179	29	93
905	104	179	28	91
906	104	178	29	91
907	105	178	28	90
908	106	178	28	89
909	107	178	27	88
910	0	203	10	221
911	0	201	20	223
912	0	199	29	225
913	0	197	37	227
914	0	196	44	228
915	0	195	50	229
916	0	194	56	230
917	0	193	61	231
918	0	192	65	232
919	0	191	70	233
920	0	190	74	234
921	0	189	77	235
922	0	189	81	235
923	0	188	84	236
924	1	188	86	236
925	7	187	82	237
926	13	187	79	237
927	18	186	76	230
928	23	186	73	222
929	27	185	71	216
930	32	185	68	210
931	36	185	66	204
932	39	184	65	199
933	43	184	63	193
934	46	184	61	188
935	49	184	60	183
936	52	183	58	179
937	55	183	56	175
938	58	183	55	170
939	60	183	54	166
940	63	182	52	163
941	65	182	51	159
942	67	182	50	156
943	70	182	48	152
944	72	182	47	149
945	74	181	46	147
946	75	181	46	144
947	77	181	45	141
948	79	181	44	138
949	81	181	43	136
950	82	181	42	133
951	84	181	41	130
952	85	180	41	129
953	87	180	40	127
954	88	180	39	124
955	89	180	39	122
956	91	180	38	120
957	92	180	37	118
958	93	180	37	116
959	94	180	36	114
960	95	180	36	112
961	97	180	34	111
962	98	179	34	110
963	99	179	33	108
964	100	179	33	106
965	101	179	32	105
966	102	179	32	103
967	102	179	32	102
968	103	179	32	100
969	104	179	31	99
970	105	179	31	98
971	106	179	30	96
972	107	179	29	95
973	107	179	30	94
974	108	179	29	92
975	109	179	28	91
976	110	178	28	91
977	110	178	28	90
978	111	178	27	89
979	112	178	27	88
980	0	202	39	222
981	0	200	47	224
982	0	199	54	225
983	0	197	60	227
984	0	196	66	228
985	0	194	71	230
986	0	193	76	231
987	0	192	80	232
988	0	191	84	233
989	0	191	87	233
990	0	190	90	234
991	0	189	93	235
992	6	189	90	235
993	12	188	87	236
994	17	187	84	237
995	23	187	80	237
996	28	186	77	236
997	32	186	75	228
998	37	186	72	220
999	41	185	69	215
1000	44	185	68	208
1001	48	185	66	202
1002	51	184	64	197
1003	55	184	61	192
1004	58	184	60	187
1005	60	183	59	183
1006	63	183	57	178
1007	66	183	55	173
1008	68	183	54	169
1009	70	183	53	165
1010	73	182	51	162
1011	75	182	50	159
1012	77	182	49	155
1013	79	182	48	152
1014	80	182	48	148
1015	82	181	46	146
1016	84	181	45	143
1017	86	181	44	140
1018	87	181	43	138
1019	89	181	42	135
1020	90	181	42	132
1021	91	181	41	130
1022	93	180	40	128
1023	94	180	39	126
1024	95	180	39	124
1025	97	180	38	122
1026	98	180	37	120
1027	99	180	37	118
1028	100	180	36	116
1029	101	180	36	114
1030	102	180	35	112
1031	103	179	34	111
1032	104	179	34	109
1033	105	179	33	108
1034	106	179	33	106
1035	107	179	32	104
1036	107	179	32	103
1037	108	179	32	101
1038	109	179	31	100
1039	110	179	30	99
1040	111	179	30	97
1041	111	179	30	96
1042	112	179	29	95
1043	113	179	29	93
1044	113	179	29	92
1045	114	178	28	92
1046	115	178	28	91
1047	115	178	28	89
1048	116	178	27	88
1049	117	178	27	87
1050	0	202	67	222
1051	0	200	73	224
1052	0	198	79	226
1053	0	196	84	228
1054	0	195	88	229
1055	0	194	92	230
1056	0	193	95	231
1057	0	192	99	232
1058	0	191	102	233
1059	3	190	101	234
1060	10	190	97	234
1061	17	189	92	235
1062	23	188	88	236
1063	28	188	85	236
1064	33	187	82	237
1065	38	187	79	237
1066	42	186	76	234
1067	46	186	74	226
1068	50	185	71	220
1069	54	185	68	213
1070	57	185	67	207
1071	60	184	65	202
1072	63	184	63	196
1073	66	184	61	190
1074	69	184	59	185
1075	71	183	58	181
1076	74	183	56	177
1077	76	183	55	172
1078	78	183	53	168
1079	80	182	52	165
1080	82	182	51	161
1081	84	182	50	158
1082	86	182	48	154
1083	88	182	47	151
1084	89	182	47	148
1085	91	181	45	145
1086	92	181	45	142
1087	94	181	43	140
1088	95	181	43	137
1089	96	181	42	134
1090	98	181	41	132
1091	99	180	40	130
1092	100	180	40	128
1093	101	180	39	125
1094	102	180	39	123
1095	104	180	37	121
1096	105	180	37	119
1097	106	180	36	117
1098	107	180	35	115
1099	107	180	36	113
1100	108	180	35	111
1101	109	179	34	111
1102	110	179	34	109
1103	111	179	33	107
1104	112	179	32	106
1105	113	179	32	104
1106	113	179	32	103
1107	114	179	31	101
1108	115	179	31	100
1109	115	179	31	98
1110	116	179	30	97
1111	117	179	29	95
1112	117	179	30	94
1113	118	179	29	93
1114	119	178	28	93
1115	119	178	28	92
1116	120	178	28	90
1117	120	178	28	89
1118	121	178	27	88
1119	121	178	27	87
1120	0	201	94	223
1121	0	199	99	225
1122	0	197	103	227
1123	0	196	106	228
1124	0	195	109	229
1125	0	194	112	230
1126	0	193	115	231
1127	8	192	109	232
1128	16	191	103	233
1129	22	190	99	234
1130	29	189	94	235
1131	34	189	90	235
1132	39	188	87	236
1133	44	188	83	236
1134	49	187	80	237
1135	53	187	77	237
1136	57	186	74	232
1137	60	186	72	224
1138	63	185	70	218
1139	67	185	67	211
1140	70	185	65	205
1141	72	184	64	200
1142	75	184	62	194
1143	77	184	60	189
1144	80	183	58	185
1145	82	183	57	180
1146	84	183	55	176
1147	86	183	54	171
1148	88	183	53	167
1149	90	182	51	164
1150	92	182	50	160
1151	93	182	49	157
1152	95	182	48	153
1153	96	182	47	150
1154	98	181	46	148
1155	99	181	45	145
1156	101	181	44	142
1157	102	181	43	139
1158	103	181	42	136
1159	104	181	42	134
1160	105	181	41	131
1161	106	180	40	130
1162	107	180	40	127
1163	109	180	38	125
1164	109	180	38	123
1165	110	180	38	121
1166	111	180	37	119
1167	112	180	36	117
1168	113	180	36	115
1169	114	180	35	113
1170	115	179	34	112
1171	116	179	33	110
1172	116	179	34	108
1173	117	179	33	107
1174	118	179	32	105
1175	118	179	32	104
1176	119	179	32	102
1177	120	179	31	101
1178	120	179	31	99
1179	121	179	30	98
1180	122	179	29	96
1181	122	179	30	95
1182	123	179	29	94
1183	123	179	29	93
1184	124	178	28	92
1185	124	178	28	91
1186	125	178	27	90
1187	125	178	28	89
1188	126	178	27	88
1189	126	178	27	87
1190	0	200	121	224
1191	0	199	123	225
1192	0	197	126	227
1193	0	196	128	228
1194	6	194	124	230
1195	15	193	117	231
1196	22	192	111	232
1197	29	191	106	233
1198	36	191	100	233
1199	41	190	96	234
1200	47	189	91	235
1201	51	188	88	236
1202	56	188	84	236
1203	60	187	81	237
1204	64	187	78	237
1205	67	186	76	238
1206	71	186	73	230
1207	74	186	70	222
1208	77	185	68	216
1209	79	185	67	210
1210	82	185	64	204
1211	84	184	63	199
1212	87	184	60	193
1213	89	184	59	188
1214	91	183	57	184
1215	93	183	56	179
1216	94	183	55	175
1217	96	183	53	170
1218	98	182	52	167
1219	99	182	51	163
1220	101	182	49	159
1221	102	182	49	156
1222	104	182	47	152
1223	105	182	46	149
1224	106	181	46	147
1225	108	181	44	144
1226	109	181	43	141
1227	110	181	42	138
1228	111	181	42	135
1229	112	181	41	133
1230	113	180	40	131
1231	114	180	39	129
1232	115	180	39	127
1233	116	180	38	124
1234	116	180	38	122
1235	117	180	37	120
1236	118	180	36	118
1237	119	180	36	116
1238	120	180	35	114
1239	120	180	35	112
1240	121	179	34	111
1241	122	179	33	110
1242	122	179	33	108
1243	123	179	33	106
1244	124	179	32	105
1245	124	179	32	103
1246	125	179	31	102
1247	125	179	31	100
1248	126	179	30	99
1249	126	179	30	97
1250	127	179	30	96
1251	128	179	29	95
1252	128	179	29	94
1253	128	178	29	93
1254	129	178	28	92
1255	129	178	28	91
1256	130	178	27	90
1257	130	178	27	89
1258	131	178	26	88
1259	131	178	27	86
1260	0	200	146	224
1261	3	198	144	226
1262	13	197	135	227
1263	22	195	127	229
1264	30	194	120	230
1265	37	193	114	231
1266	44	192	108	232
1267	50	191	102	233
1268	55	190	98	234
1269	60	190	93	234
1270	64	189	90	235
1271	68	188	86	236
1272	72	188	83	236
1273	75	187	80	237
1274	79	187	76	237
1275	82	186	74	236
1276	84	186	72	228
1277	87	185	69	222
1278	90	185	67	215
1279	92	185	65	208
1280	94	184	63	203
1281	96	184	61	197
1282	98	184	60	192
1283	100	184	58	187
1284	102	183	56	183
1285	103	183	55	178
1286	105	183	53	173
1287	106	183	53	169
1288	108	182	51	166
1289	109	182	50	162
1290	110	182	49	159
1291	111	182	48	155
1292	113	182	46	152
1293	114	181	45	149
1294	115	181	45	146
1295	116	181	44	143
1296	117	181	43	140
1297	118	181	42	137
1298	119	181	41	135
1299	120	181	40	132
1300	120	180	40	131
1301	121	180	39	128
1302	122	180	38	126
1303	123	180	38	124
1304	123	180	38	122
1305	124	180	37	120
1306	125	180	36	118
1307	125	180	36	116
1308	126	180	35	114
1309	127	179	34	113
1310	127	179	34	111
1311	128	179	33	109
1312	128	179	33	108
1313	129	179	32	106
1314	130	179	31	104
1315	130	179	31	103
1316	131	179	30	101
1317	131	179	31	100
1318	131	179	31	99
1319	132	179	30	97
1320	132	179	30	96
1321	133	179	29	94
1322	133	179	29	93
1323	134	178	28	93
1324	134	178	28	92
1325	134	178	28	91
1326	135	178	27	89
1327	135	178	27	88
1328	136	178	26	87
1329	136	178	26	86
1330	22	199	149	225
1331	31	198	140	226
1332	40	196	130	228
1333	47	195	123	229
1334	54	194	116	230
1335	59	193	111	231
1336	65	192	105	232
1337	70	191	99	233
1338	74	190	95	234
1339	78	189	91	235
1340	81	189	88	235
1341	85	188	84	236
1342	88	187	81	237
1343	91	187	78	237
1344	93	187	76	237
1345	96	186	72	234
1346	98	186	70	226
1347	100	185	68	220
1348	102	185	66	213
1349	104	185	64	207
1350	106	184	62	202
1351	108	184	60	196
1352	109	184	59	190
1353	111	183	57	186
1354	112	183	56	181
1355	114	183	54	177
1356	115	183	53	172
1357	116	182	52	169
1358	117	182	51	165
1359	118	182	50	161
1360	119	182	49	158
1361	120	182	48	154
1362	121	182	46	151
1363	122	181	45	148
1364	123	181	44	145
1365	124	181	43	142
1366	125	181	42	140
1367	126	181	41	137
1368	126	181	41	134
1369	127	180	40	133
1370	128	180	39	130
1371	128	180	39	128
1372	129	180	38	125
1373	130	180	37	123
1374	130	180	37	121
1375	131	180	36	119
1376	131	180	36	117
1377	132	180	35	115
1378	133	180	34	113
1379	133	179	34	112
1380	134	179	33	111
1381	134	179	33	109
1382	134	179	33	107
1383	135	179	32	106
1384	135	179	32	104
1385	136	179	31	102
1386	136	179	31	101
1387	137	179	30	100
1388	137	179	30	98
1389	137	179	30	97
1390	138	179	29	95
1391	138	179	29	94
1392	138	178	29	94
1393	139	178	28	93
1394	139	178	28	91
1395	139	178	28	90
1396	140	178	27	89
1397	140	178	27	88
1398	140	178	27	87
1399	141	178	26	86
1400	52	199	143	225
1401	59	197	134	227
1402	66	196	126	228
1403	71	194	119	230
1404	76	193	113	231
1405	81	192	107	232
1406	85	191	102	233
1407	89	190	97	234
1408	92	190	93	234
1409	95	189	90	235
1410	98	188	86	236
1411	101	188	82	236
1412	103	187	80	237
1413	106	187	76	237
1414	108	186	73	238
1415	110	186	71	232
1416	112	186	68	224
1417	113	185	67	218
1418	115	185	65	211
1419	116	184	63	206
1420	118	184	61	200
1421	119	184	59	194
1422	120	184	58	189
1423	122	183	56	185
1424	123	183	54	180
1425	124	183	53	176
1426	125	183	52	171
1427	126	182	51	168
1428	127	182	49	164
1429	128	182	48	160
1430	128	182	48	157
1431	129	182	47	153
1432	130	181	46	151
1433	131	181	44	148
1434	131	181	44	145
1435	132	181	43	142
1436	133	181	42	139
1437	133	181	42	136
1438	134	181	40	133
1439	135	180	39	132
1440	135	180	39	130
1441	136	180	38	127
1442	136	180	38	125
1443	137	180	37	123
1444	137	180	37	121
1445	138	180	35	118
1446	138	180	35	116
1447	138	180	35	115
1448	139	179	34	114
1449	139	179	34	112
1450	140	179	33	110
1451	140	179	33	108
1452	140	179	33	107
1453	141	179	32	105
1454	141	179	31	104
1455	142	179	30	102
1456	142	179	30	101
1457	142	179	30	99
1458	142	179	30	98
1459	143	179	29	96
1460	143	179	29	95
1461	143	178	29	95
1462	144	178	28	94
1463	144	178	28	92
1464	144	178	28	91
1465	144	178	28	90
1466	145	178	26	89
1467	145	178	26	88
1468	145	178	26	87
1469	145	178	26	86
1470	80	198	138	226
1471	86	197	129	227
1472	91	195	122	229
1473	95	194	115	230
1474	99	193	109	231
1475	102	192	104	232
1476	105	191	99	233
1477	108	190	95	234
1478	110	189	91	235
1479	113	189	87	235
1480	115	188	83	236
1481	117	188	80	236
1482	119	187	77	237
1483	120	187	75	237
1484	122	186	72	238
1485	123	186	70	230
1486	125	185	67	223
1487	126	185	66	216
1488	127	185	64	210
1489	128	184	62	205
1490	129	184	60	199
1491	130	184	59	193
1492	131	183	57	189
1493	132	183	56	184
1494	133	183	54	179
1495	134	183	53	175
1496	135	182	51	171
1497	135	182	51	167
1498	136	182	49	163
1499	137	182	48	159
1500	137	182	47	156
1501	138	182	46	152
1502	139	181	45	150
1503	139	181	44	147
1504	140	181	43	144
1505	140	181	42	141
1506	141	181	41	138
1507	141	181	41	135
1508	142	181	40	133
1509	142	180	39	131
1510	142	180	39	129
1511	143	180	38	127
1512	143	180	37	124
1513	144	180	36	122
1514	144	180	36	120
1515	144	180	36	118
1516	145	180	35	116
1517	145	180	34	114
1518	145	179	34	113
1519	146	179	33	111
1520	146	179	33	110
1521	146	179	33	108
1522	146	179	32	106
1523	147	179	31	105
1524	147	179	31	103
1525	147	179	31	102
1526	147	179	31	100
1527	148	179	29	99
1528	148	179	29	97
1529	148	179	29	96
1530	148	179	29	95
1531	149	178	28	94
1532	149	178	28	93
1533	149	178	28	92
1534	149	178	27	91
1535	149	178	27	90
1536	150	178	26	89
1537	150	178	26	87
1538	150	178	26	86
1539	150	178	26	85
1540	108	198	133	226
1541	112	196	125	228
1542	115	195	118	229
1543	118	194	111	230
1544	120	193	106	231
1545	123	192	101	232
1546	125	191	96	233
1547	126	190	93	234
1548	128	189	88	235
1549	130	189	85	235
1550	131	188	82	236
1551	132	187	79	237
1552	134	187	75	237
1553	135	186	73	238
1554	136	186	71	236
1555	137	186	68	228
1556	138	185	66	222
1557	139	185	64	215
1558	139	185	63	208
1559	140	184	61	203
1560	141	184	59	197
1561	141	184	58	192
1562	142	183	56	188
1563	143	183	54	183
1564	143	183	53	178
1565	144	183	52	173
1566	144	182	51	170
1567	145	182	49	166
1568	145	182	49	162
1569	146	182	47	158
1570	146	182	47	155
1571	147	181	45	153
1572	147	181	44	149
1573	147	181	44	146
1574	148	181	42	143
1575	148	181	42	140
1576	148	181	41	137
1577	149	181	40	135
1578	149	180	40	133
1579	149	180	39	131
1580	150	180	38	128
1581	150	180	37	126
1582	150	180	37	124
1583	150	180	37	122
1584	151	180	35	119
1585	151	180	35	117
1586	151	180	35	115
1587	151	179	34	115
1588	152	179	33	113
1589	152	179	33	111
1590	152	179	32	109
1591	152	179	32	108
1592	152	179	32	106
1593	152	179	32	104
1594	153	179	30	103
1595	153	179	30	101
1596	153	179	30	100
1597	153	179	30	98
1598	153	179	29	97
1599	153	179	29	96
1600	154	178	28	95
1601	154	178	28	94
1602	154	178	28	93
1603	154	178	27	92
1604	154	178	27	91
1605	154	178	27	89
1606	154	178	27	88
1607	155	178	26	87
1608	155	178	26	86
1609	155	178	25	85
1610	135	197	128	227
1611	137	196	120	228
1612	139	194	114	230
1613	140	193	108	231
1614	141	192	103	232
1615	143	191	98	233
1616	144	190	93	234
1617	145	190	89	234
1618	146	189	86	235
1619	146	188	83	236
1620	147	188	80	236
1621	148	187	77	237
1622	148	187	74	237
1623	149	186	72	238
1624	150	186	69	234
1625	150	185	67	227
1626	150	185	66	220
1627	151	185	63	213
1628	151	184	62	208
1629	152	184	59	202
1630	152	184	58	196
1631	152	183	57	191
1632	153	183	55	186
1633	153	183	54	181
1634	153	183	53	177
1635	154	183	51	172
1636	154	182	50	169
1637	154	182	49	165
1638	154	182	48	161
1639	155	182	46	158
1640	155	182	46	154
1641	155	181	45	152
1642	155	181	44	148
1643	156	181	43	145
1644	156	181	42	142
1645	156	181	41	140
1646	156	181	41	137
1647	156	181	40	134
1648	156	180	40	133
1649	157	180	38	130
1650	157	180	38	128
1651	157	180	37	125
1652	157	180	37	123
1653	157	180	36	121
1654	157	180	36	119
1655	157	180	35	117
1656	158	180	34	115
1657	158	179	33	114
1658	158	179	33	112
1659	158	179	33	111
1660	158	179	32	109
1661	158	179	32	107
1662	158	179	32	106
1663	158	179	31	104
1664	158	179	31	102
1665	158	179	31	101
1666	159	179	29	100
1667	159	179	29	98
1668	159	179	29	97
1669	159	178	28	96
1670	159	178	28	95
1671	159	178	28	94
1672	159	178	28	93
1673	159	178	27	91
1674	159	178	27	90
1675	159	178	27	89
1676	159	178	27	88
1677	159	178	26	87
1678	159	178	26	86
1679	159	178	26	85
1680	161	197	126	227
1681	162	195	117	229
1682	162	194	111	230
1683	162	193	105	231
1684	162	192	100	232
1685	162	191	95	233
1686	162	190	91	234
1687	162	189	88	235
1688	163	189	83	235
1689	163	188	80	236
1690	163	188	78	236
1691	163	187	75	237
1692	163	187	72	237
1693	163	186	70	238
1694	163	186	68	232
1695	163	185	66	225
1696	163	185	64	218
1697	163	185	62	211
1698	163	184	60	206
1699	163	184	59	200
1700	163	184	57	194
1701	163	183	56	190
1702	163	183	55	185
1703	163	183	53	180
1704	163	183	52	176
1705	163	182	51	172
1706	163	182	50	168
1707	164	182	48	164
1708	164	182	47	160
1709	164	182	46	157
1710	164	181	45	154
1711	164	181	44	151
1712	164	181	43	148
1713	164	181	42	145
1714	164	181	41	142
1715	164	181	41	139
1716	164	181	40	136
1717	164	180	39	134
1718	164	180	39	132
1719	164	180	38	129
1720	164	180	37	127
1721	164	180	37	125
1722	164	180	36	123
1723	164	180	35	120
1724	164	180	35	118
1725	164	180	34	116
1726	164	179	34	116
1727	164	179	33	114
1728	164	179	33	112
1729	164	179	32	110
1730	164	179	32	108
1731	164	179	32	107
1732	164	179	31	105
1733	164	179	31	104
1734	164	179	30	102
1735	164	179	30	101
1736	164	179	29	99
1737	164	179	29	98
1738	164	179	29	96
1739	164	178	28	96
1740	164	178	28	95
1741	164	178	28	94
1742	164	178	27	92
1743	164	178	27	91
1744	164	178	27	90
1745	164	178	26	89
1746	164	178	26	88
1747	164	178	26	87
1748	164	178	26	86
1749	164	178	25	85
1750	187	196	123	228
1751	185	195	116	229
1752	184	194	110	230
1753	183	193	104	231
1754	182	192	98	232
1755	181	191	94	233
1756	180	190	90	234
1757	180	189	85	235
1758	179	189	82	235
1759	179	188	78	236
1760	178	187	76	237
1761	177	187	74	237
1762	177	186	71	238
1763	177	186	68	238
1764	176	186	67	230
1765	176	185	64	223
1766	175	185	63	216
1767	175	184	61	211
1768	175	184	59	205
1769	175	184	57	199
1770	174	184	56	193
1771	174	183	55	189
1772	174	183	53	184
1773	174	183	52	179
1774	173	183	51	174
1775	173	182	50	171
1776	173	182	48	167
1777	173	182	47	163
1778	173	182	46	159
1779	172	182	46	156
1780	172	181	45	153
1781	172	181	44	150
1782	172	181	43	147
1783	172	181	42	144
1784	172	181	41	141
1785	171	181	41	138
1786	171	181	40	135
1787	171	180	39	134
1788	171	180	38	131
1789	171	180	38	129
1790	171	180	37	127
1791	171	180	36	124
1792	171	180	35	122
1793	171	180	35	120
1794	170	180	35	118
1795	170	179	34	117
1796	170	179	34	115
1797	170	179	33	113
1798	170	179	33	111
1799	170	179	32	110
1800	170	179	32	108
1801	170	179	31	106
1802	170	179	31	105
1803	170	179	30	103
1804	170	179	30	102
1805	170	179	29	100
1806	169	179	30	99
1807	169	179	29	97
1808	169	178	29	97
1809	169	178	28	96
1810	169	178	28	94
1811	169	178	28	93
1812	169	178	27	92
1813	169	178	27	91
1814	169	178	26	90
1815	169	178	26	89
1816	169	178	26	87
1817	169	178	25	86
1818	169	178	25	85
1819	169	178	25	84
1820	211	196	122	228
1821	208	194	115	230
1822	206	193	108	231
1823	204	192	102	232
1824	202	191	97	233
1825	200	190	92	234
1826	198	190	89	234
1827	197	189	84	235
1828	195	188	81	236
1829	194	188	78	236
1830	193	187	75	237
1831	192	187	72	237
1832	191	186	70	238
1833	190	186	67	236
1834	189	185	66	229
1835	188	185	64	222
1836	188	185	61	215
1837	187	184	60	209
1838	186	184	59	203
1839	186	184	56	197
1840	185	183	55	193
1841	185	183	53	188
1842	184	183	53	183
1843	184	183	51	178
1844	183	182	50	174
1845	183	182	49	170
1846	182	182	48	166
1847	182	182	47	162
1848	181	182	46	158
1849	181	181	45	156
1850	181	181	44	152
1851	180	181	43	149
1852	180	181	42	146
1853	180	181	41	143
1854	179	181	41	140
1855	179	181	40	137
1856	179	180	39	136
1857	179	180	38	133
1858	178	180	38	131
1859	178	180	37	128
1860	178	180	36	126
1861	178	180	36	124
1862	177	180	36	122
1863	177	180	35	119
1864	177	180	34	117
1865	177	179	34	116
1866	177	179	33	115
1867	176	179	33	113
1868	176	179	33	111
1869	176	179	32	109
1870	176	179	31	108
1871	176	179	31	106
1872	175	179	31	104
1873	175	179	30	103
1874	175	179	30	101
1875	175	179	29	100
1876	175	179	29	98
1877	175	179	28	97
1878	175	178	28	97
1879	174	178	28	95
1880	174	178	28	94
1881	174	178	27	93
1882	174	178	27	92
1883	174	178	27	90
1884	174	178	26	89
1885	174	178	26	88
1886	174	178	25	87
1887	174	178	25	86
1888	173	178	26	85
1889	173	178	25	84
1890	235	195	120	229
1891	231	194	113	230
1892	227	193	107	231
1893	224	192	101	232
1894	221	191	96	233
1895	218	190	92	234
1896	216	189	87	235
1897	213	189	84	235
1898	211	188	80	236
1899	210	188	76	236
1900	208	187	74	237
1901	206	187	71	237
1902	205	186	68	238
1903	203	186	67	234
1904	202	185	64	227
1905	201	185	62	220
1906	200	185	60	213
1907	199	184	58	208
1908	198	184	57	202
1909	197	184	55	196
1910	196	183	54	191
1911	195	183	53	186
1912	194	183	52	181
1913	193	183	51	177
1914	193	182	49	173
1915	192	182	48	169
1916	191	182	48	165
1917	191	182	46	161
1918	190	182	45	158
1919	190	181	44	155
1920	189	181	44	152
1921	189	181	42	148
1922	188	181	42	145
1923	188	181	41	142
1924	187	181	40	139
1925	187	181	39	137
1926	186	180	39	135
1927	186	180	38	132
1928	185	180	38	130
1929	185	180	37	128
1930	185	180	36	125
1931	184	180	36	123
1932	184	180	35	121
1933	184	180	34	119
1934	183	179	34	118
1935	183	179	34	116
1936	183	179	33	114
1937	182	179	33	112
1938	182	179	32	110
1939	182	179	32	109
1940	182	179	31	107
1941	181	179	31	105
1942	181	179	30	104
1943	181	179	30	102
1944	181	179	29	101
1945	180	179	30	99
1946	180	179	29	98
1947	180	178	28	98
1948	180	178	28	96
1949	180	178	27	95
1950	179	178	28	94
1951	179	178	27	93
1952	179	178	27	91
1953	179	178	26	90
1954	179	178	26	89
1955	179	178	25	88
1956	178	178	26	87
1957	178	178	25	86
1958	178	178	25	85
1959	178	178	25	84
1960	258	195	118	229
1961	252	194	112	230
1962	248	193	105	231
1963	243	192	100	232
1964	239	191	95	233
1965	236	190	90	234
1966	233	189	86	235
1967	230	189	82	235
1968	227	188	79	236
1969	225	187	76	237
1970	222	187	74	237
1971	220	186	71	238
1972	218	186	68	238
1973	216	185	66	233
1974	215	185	63	225
1975	213	185	62	218
1976	212	184	59	212
1977	210	184	58	206
1978	209	184	56	200
1979	208	183	54	195
1980	206	183	54	190
1981	205	183	52	185
1982	204	183	51	180
1983	203	182	50	177
1984	202	182	49	172
1985	201	182	48	168
1986	200	182	47	164
1987	200	182	45	160
1988	199	181	44	158
1989	198	181	44	154
1990	197	181	43	151
1991	197	181	42	148
1992	196	181	41	145
1993	195	181	41	142
1994	195	181	40	139
1995	194	180	39	137
1996	194	180	38	134
1997	193	180	38	132
1998	193	180	37	129
1999	192	180	37	127
2000	192	180	35	125
2001	191	180	35	123
2002	191	180	34	120
2003	190	180	34	118
2004	190	179	33	117
2005	189	179	34	115
2006	189	179	33	114
2007	189	179	32	112
2008	188	179	32	110
2009	188	179	31	108
2010	187	179	31	107
2011	187	179	31	105
2012	187	179	30	104
2013	186	179	30	102
2014	186	179	29	101
2015	186	179	29	99
2016	186	178	28	99
2017	185	178	28	97
2018	185	178	28	96
2019	185	178	27	95
2020	184	178	28	93
2021	184	178	27	92
2022	184	178	26	91
2023	184	178	26	90
2024	184	178	25	89
2025	183	178	26	88
2026	183	178	25	87
2027	183	178	25	86
2028	183	178	24	84
2029	182	178	25	83
2030	278	194	119	230
2031	273	193	110	231
2032	267	192	105	232
2033	262	191	99	233
2034	258	190	93	234
2035	253	190	90	234
2036	249	189	86	235
2037	246	188	81	236
2038	242	188	79	236
2039	239	187	76	237
2040	236	187	73	237
2041	234	186	70	238
2042	231	186	68	238
2043	229	185	65	231
2044	227	185	63	223
2045	225	185	61	216
2046	223	184	60	211
2047	221	184	58	204
2048	220	184	56	199
2049	218	183	55	194
2050	217	183	53	189
2051	215	183	52	184
2052	214	183	50	179
2053	213	182	49	175
2054	212	182	48	171
2055	210	182	47	167
2056	209	182	46	163
2057	208	182	45	159
2058	207	181	44	157
2059	206	181	44	153
2060	206	181	42	150
2061	205	181	41	147
2062	204	181	41	144
2063	203	181	40	141
2064	202	181	40	138
2065	202	180	38	136
2066	201	180	38	134
2067	200	180	38	131
2068	200	180	36	129
2069	199	180	36	126
2070	198	180	36	124
2071	198	180	35	122
2072	197	180	35	120
2073	197	179	34	119
2074	196	179	33	117
2075	196	179	32	115
2076	195	179	32	113
2077	195	179	32	111
2078	194	179	32	110
2079	194	179	31	108
2080	193	179	31	106
2081	193	179	30	105
2082	192	179	30	103
2083	192	179	29	102
2084	192	179	29	100
2085	191	179	29	99
2086	191	178	28	98
2087	191	178	27	97
2088	190	178	28	96
2089	190	178	27	94
2090	190	178	26	93
2091	189	178	27	92
2092	189	178	26	91
2093	189	178	26	90
2094	188	178	26	88
2095	188	178	25	87
2096	188	178	25	86
2097	187	178	25	85
2098	187	178	25	84
2099	187	178	24	83
2100	298	194	119	230
2101	291	193	111	231
2102	285	192	105	232
2103	279	191	99	233
2104	274	190	94	234
2105	270	189	89	235
2106	265	189	85	235
2107	261	188	81	236
2108	257	187	78	237
2109	254	187	75	237
2110	250	186	72	238
2111	247	186	70	238
2112	244	186	67	236
2113	242	185	65	229
2114	239	185	63	222
2115	237	184	61	216
2116	235	184	59	209
2117	233	184	57	203
2118	231	184	55	197
2119	229	183	54	193
2120	227	183	53	187
2121	225	183	52	183
2122	224	183	50	178
2123	222	182	49	174
2124	221	182	47	170
2125	220	182	46	166
2126	218	182	46	162
2127	217	182	44	158
2128	216	181	43	156
2129	215	181	42	152
2130	214	181	42	149
2131	213	181	41	146
2132	212	181	40	143
2133	211	181	39	140
2134	210	180	39	138
2135	209	180	38	136
2136	208	180	38	133
2137	207	180	37	131
2138	207	180	36	128
2139	206	180	35	126
2140	205	180	35	124
2141	204	180	35	121
2142	204	180	34	119
2143	203	179	34	118
2144	202	179	33	116
2145	202	179	32	114
2146	201	179	32	113
2147	201	179	31	111
2148	200	179	31	109
2149	200	179	30	107
2150	199	179	30	106
2151	198	179	30	104
2152	198	179	30	103
2153	198	179	29	101
2154	197	179	29	100
2155	197	178	28	99
2156	196	178	28	98
2157	196	178	27	97
2158	195	178	28	95
2159	195	178	27	94
2160	195	178	26	93
2161	194	178	27	92
2162	194	178	26	90
2163	193	178	26	89
2164	193	178	26	88
2165	193	178	25	87
2166	192	178	25	86
2167	192	178	25	85
2168	192	178	24	84
2169	191	178	25	83
2170	317	194	119	230
2171	309	193	112	231
2172	302	192	105	232
2173	296	191	99	233
2174	290	190	94	234
2175	285	189	89	235
2176	280	188	85	236
2177	276	188	81	236
2178	271	187	78	237
2179	268	187	74	237
2180	264	186	71	238
2181	261	186	68	238
2182	257	185	67	235
2183	254	185	64	227
2184	251	185	62	220
2185	249	184	60	214
2186	246	184	58	208
2187	244	184	56	202
2188	241	183	56	197
2189	239	183	54	191
2190	237	183	52	186
2191	235	183	51	181
2192	233	182	50	178
2193	232	182	48	173
2194	230	182	47	169
2195	229	182	46	165
2196	227	182	45	161
2197	226	181	44	158
2198	224	181	43	155
2199	223	181	42	152
2200	222	181	41	148
2201	221	181	40	145
2202	219	181	40	142
2203	218	181	39	139
2204	217	180	39	138
2205	216	180	38	135
2206	215	180	37	132
2207	214	180	37	130
2208	213	180	36	128
2209	213	180	35	125
2210	212	180	35	123
2211	211	180	34	121
2212	210	179	34	120
2213	209	179	34	118
2214	209	179	32	116
2215	208	179	32	114
2216	207	179	32	112
2217	207	179	31	110
2218	206	179	31	109
2219	205	179	31	107
2220	205	179	30	105
2221	204	179	30	104
2222	204	179	29	102
2223	203	179	29	101
2224	202	179	29	99
2225	202	178	28	99
2226	201	178	28	98
2227	201	178	27	96
2228	200	178	28	95
2229	200	178	27	94
2230	199	178	27	93
2231	199	178	26	91
2232	199	178	26	90
2233	198	178	26	89
2234	198	178	25	88
2235	197	178	25	87
2236	197	178	25	86
2237	197	178	24	85
2238	196	178	24	84
2239	196	178	24	83
2240	335	193	120	231
2241	327	192	112	232
2242	319	191	106	233
2243	312	190	100	234
2244	306	190	94	234
2245	300	189	90	235
2246	294	188	86	236
2247	289	188	82	236
2248	285	187	78	237
2249	281	187	74	237
2250	277	186	71	238
2251	273	186	69	238
2252	269	185	67	233
2253	266	185	64	225
2254	263	185	62	218
2255	260	184	60	212
2256	257	184	58	206
2257	254	184	57	200
2258	252	183	55	195
2259	249	183	54	190
2260	247	183	52	185
2261	245	183	51	180
2262	243	182	49	177
2263	241	182	48	172
2264	239	182	47	168
2265	237	182	46	164
2266	236	182	45	160
2267	234	181	44	158
2268	233	181	42	154
2269	231	181	42	151
2270	230	181	41	148
2271	228	181	41	144
2272	227	181	40	142
2273	226	180	38	140
2274	225	180	38	137
2275	223	180	38	134
2276	222	180	37	132
2277	221	180	36	129
2278	220	180	36	127
2279	219	180	35	125
2280	218	180	35	123
2281	217	180	34	120
2282	216	179	34	119
2283	216	179	33	117
2284	215	179	32	115
2285	214	179	32	114
2286	213	179	32	112
2287	212	179	32	110
2288	212	179	30	108
2289	211	179	30	107
2290	210	179	30	105
2291	210	179	29	103
2292	209	179	29	102
2293	208	179	29	100
2294	208	178	28	100
2295	207	178	28	99
2296	207	178	27	97
2297	206	178	27	96
2298	205	178	27	95
2299	205	178	27	93
2300	204	178	27	92
2301	204	178	26	91
2302	203	178	26	90
2303	203	178	25	89
2304	202	178	26	88
2305	202	178	25	87
2306	202	178	24	85
2307	201	178	24	84
2308	201	178	24	83
2309	200	178	24	82
2310	353	193	120	231
2311	344	192	113	232
2312	336	191	106	233
2313	328	190	100	234
2314	321	189	95	235
2315	315	189	90	235
2316	309	188	85	236
2317	303	187	82	237
2318	298	187	78	237
2319	293	186	75	238
2320	289	186	72	238
2321	285	185	69	239
2322	281	185	67	231
2323	277	185	65	223
2324	274	184	62	217
2325	271	184	60	211
2326	268	184	58	204
2327	265	183	56	200
2328	262	183	55	194
2329	260	183	53	189
2330	257	183	52	184
2331	255	182	50	180
2332	252	182	49	175
2333	250	182	48	171
2334	248	182	47	167
2335	246	182	46	163
2336	244	181	45	160
2337	242	181	44	157
2338	241	181	42	153
2339	239	181	42	150
2340	238	181	40	147
2341	236	181	40	144
2342	235	181	39	141
2343	233	180	39	139
2344	232	180	38	136
2345	231	180	37	134
2346	229	180	37	131
2347	228	180	36	129
2348	227	180	35	126
2349	226	180	35	124
2350	225	180	34	122
2351	224	179	33	121
2352	223	179	33	119
2353	222	179	32	117
2354	221	179	32	115
2355	220	179	32	113
2356	219	179	31	111
2357	218	179	31	110
2358	217	179	31	108
2359	217	179	30	106
2360	216	179	30	105
2361	215	179	29	103
2362	214	179	29	102
2363	214	178	28	101
2364	213	178	28	100
2365	212	178	28	98
2366	212	178	27	97
2367	211	178	27	96
2368	210	178	27	94
2369	210	178	26	93
2370	209	178	26	92
2371	209	178	26	91
2372	208	178	26	90
2373	208	178	25	88
2374	207	178	25	87
2375	207	178	24	86
2376	206	178	25	85
2377	206	178	24	84
2378	205	178	24	83
2379	205	178	23	82
2380	371	193	120	231
2381	361	192	113	232
2382	352	191	106	233
2383	343	190	101	234
2384	336	189	95	235
2385	329	188	90	236
2386	322	188	86	236
2387	317	187	82	237
2388	311	187	78	237
2389	306	186	75	238
2390	301	186	72	238
2391	297	185	69	237
2392	292	185	67	229
2393	289	185	64	222
2394	285	184	62	216
2395	281	184	60	209
2396	278	184	58	203
2397	275	183	56	198
2398	272	183	55	193
2399	269	183	53	187
2400	267	183	51	183
2401	264	182	50	179
2402	262	182	48	174
2403	259	182	48	170
2404	257	182	46	166
2405	255	182	45	162
2406	253	181	44	159
2407	251	181	43	156
2408	249	181	42	152
2409	247	181	42	149
2410	245	181	41	146
2411	244	181	40	143
2412	242	180	39	141
2413	241	180	38	138
2414	239	180	38	136
2415	238	180	37	133
2416	236	180	37	131
2417	235	180	36	128
2418	234	180	35	126
2419	233	180	34	124
2420	231	180	34	121
2421	230	179	33	120
2422	229	179	33	118
2423	228	179	32	116
2424	227	179	32	114
2425	226	179	31	113
2426	225	179	31	111
2427	224	179	31	109
2428	223	179	30	107
2429	222	179	30	106
2430	222	179	29	104
2431	221	179	29	103
2432	220	179	28	101
2433	219	178	28	101
2434	218	178	28	99
2435	218	178	27	98
2436	217	178	27	97
2437	216	178	27	95
2438	215	178	27	94
2439	215	178	26	93
2440	214	178	26	92
2441	214	178	25	90
2442	213	178	25	89
2443	212	178	25	88
2444	212	178	25	87
2445	211	178	25	86
2446	211	178	24	85
2447	210	178	24	84
2448	210	178	23	83
2449	209	178	24	82
2450	388	192	121	232
2451	377	191	113	233
2452	368	190	106	234
2453	359	190	100	234
2454	350	189	96	235
2455	343	188	91	236
2456	336	188	86	236
2457	330	187	82	237
2458	324	186	78	238
2459	318	186	76	238
2460	313	186	72	238
2461	308	185	70	235
2462	304	185	67	227
2463	299	184	65	221
2464	295	184	63	214
2465	292	184	60	208
2466	288	183	58	203
2467	285	183	56	197
2468	282	183	54	191
2469	279	183	53	186
2470	276	182	51	182
2471	273	182	50	178
2472	270	182	49	173
2473	268	182	47	169
2474	266	182	46	165
2475	263	181	46	162
2476	261	181	44	158
2477	259	181	43	155
2478	257	181	42	152
2479	255	181	41	148
2480	253	181	41	145
2481	251	181	40	142
2482	250	180	38	140
2483	248	180	38	138
2484	246	180	38	135
2485	245	180	36	132
2486	243	180	36	130
2487	242	180	35	128
2488	240	180	35	125
2489	239	180	34	123
2490	238	179	33	122
2491	237	179	33	120
2492	235	179	33	118
2493	234	179	32	116
2494	233	179	32	114
2495	232	179	31	112
2496	231	179	31	110
2497	230	179	30	109
2498	229	179	30	107
2499	228	179	29	105
2500	227	179	29	104
2501	226	179	29	102
2502	225	178	29	102
2503	224	178	28	100
2504	224	178	27	99
2505	223	178	27	98
2506	222	178	27	96
2507	221	178	27	95
2508	220	178	27	94
2509	220	178	26	92
2510	219	178	26	91
2511	218	178	26	90
2512	218	178	25	89
2513	217	178	25	88
2514	216	178	25	87
2515	216	178	24	86
2516	215	178	24	85
2517	215	178	23	84
2518	214	178	24	83
2519	213	178	24	82
2520	405	192	107	232
2521	393	191	114	233
2522	383	190	107	234
2523	373	189	101	235
2524	365	189	95	235
2525	357	188	91	236
2526	349	187	87	237
2527	343	187	82	237
2528	336	186	79	238
2529	330	186	76	238
2530	325	185	72	239
2531	320	185	69	233
2532	315	185	67	225
2533	310	184	65	219
2534	306	184	63	212
2535	302	184	60	206
2536	298	183	59	201
2537	295	183	56	195
2538	291	183	55	190
2539	288	183	53	185
2540	285	182	52	181
2541	282	182	50	177
2542	279	182	49	172
2543	276	182	48	168
2544	274	182	46	164
2545	271	181	46	161
2546	269	181	44	158
2547	267	181	43	154
2548	265	181	42	151
2549	263	181	41	148
2550	261	181	40	144
2551	259	180	39	143
2552	257	180	39	140
2553	255	180	38	137
2554	253	180	38	134
2555	252	180	36	132
2556	250	180	36	129
2557	249	180	35	127
2558	247	180	35	125
2559	246	180	34	122
2560	244	179	34	121
2561	243	179	33	119
2562	242	179	32	117
2563	240	179	32	115
2564	239	179	32	113
2565	238	179	31	112
2566	237	179	30	110
2567	236	179	30	108
2568	235	179	29	107
2569	234	179	29	105
2570	233	179	28	103
2571	232	179	28	102
2572	231	178	28	101
2573	230	178	27	100
2574	229	178	27	99
2575	228	178	27	97
2576	227	178	27	96
2577	226	178	27	95
2578	225	178	27	93
2579	225	178	25	92
2580	224	178	25	91
2581	223	178	25	90
2582	222	178	25	89
2583	222	178	24	88
2584	221	178	24	86
2585	220	178	24	85
2586	220	178	24	84
2587	219	178	24	83
2588	218	178	24	82
2589	218	178	23	81
2590	421	192	91	232
2591	409	191	103	233
2592	398	190	107	234
2593	388	189	101	235
2594	379	188	96	236
2595	370	188	91	236
2596	363	187	86	237
2597	355	187	83	237
2598	349	186	79	238
2599	342	186	76	238
2600	336	185	73	239
2601	331	185	70	231
2602	326	185	67	223
2603	321	184	65	217
2604	316	184	63	211
2605	312	184	61	204
2606	308	183	59	200
2607	304	183	57	194
2608	300	183	56	189
2609	297	182	53	185
2610	294	182	52	180
2611	291	182	50	175
2612	288	182	49	171
2613	285	182	48	167
2614	282	181	47	164
2615	279	181	46	160
2616	277	181	44	157
2617	275	181	43	153
2618	272	181	43	150
2619	270	181	41	147
2620	268	181	40	144
2621	266	180	39	142
2622	264	180	39	139
2623	262	180	38	136
2624	260	180	37	134
2625	259	180	36	131
2626	257	180	36	129
2627	255	180	35	126
2628	254	180	34	124
2629	252	179	34	123
2630	251	179	33	121
2631	249	179	33	119
2632	248	179	32	117
2633	246	179	32	115
2634	245	179	31	113
2635	244	179	31	111
2636	243	179	30	109
2637	241	179	30	108
2638	240	179	30	106
2639	239	179	29	105
2640	238	179	29	103
2641	237	178	28	103
2642	236	178	28	101
2643	235	178	27	100
2644	234	178	27	98
2645	233	178	27	97
2646	232	178	27	96
2647	231	178	26	94
2648	230	178	26	93
2649	229	178	26	92
2650	229	178	25	91
2651	228	178	25	89
2652	227	178	25	88
2653	226	178	25	87
2654	226	178	24	86
2655	225	178	24	85
2656	224	178	24	84
2657	223	178	24	83
2658	223	178	23	82
2659	222	177	23	82
2660	437	191	75	233
2661	424	190	88	234
2662	413	190	99	234
2663	402	189	101	235
2664	393	188	96	236
2665	384	188	91	236
2666	375	187	87	237
2667	368	186	83	238
2668	361	186	79	238
2669	354	186	76	238
2670	348	185	73	237
2671	342	185	70	229
2672	336	184	68	223
2673	331	184	65	216
2674	327	184	62	209
2675	322	183	61	204
2676	318	183	58	198
2677	314	183	57	193
2678	310	183	55	187
2679	306	182	54	183
2680	303	182	52	179
2681	299	182	51	174
2682	296	182	49	170
2683	293	182	48	166
2684	290	181	47	163
2685	287	181	46	159
2686	285	181	44	156
2687	282	181	44	152
2688	280	181	42	149
2689	277	181	42	146
2690	275	180	41	144
2691	273	180	40	141
2692	271	180	39	138
2693	269	180	38	136
2694	267	180	37	133
2695	265	180	37	131
2696	264	180	35	128
2697	262	180	35	126
2698	260	179	34	125
2699	258	179	34	122
2700	257	179	33	120
2701	255	179	33	118
2702	254	179	32	116
2703	252	179	32	114
2704	251	179	31	113
2705	250	179	30	111
2706	248	179	31	109
2707	247	179	30	107
2708	246	179	29	106
2709	245	179	29	104
2710	243	178	29	104
2711	242	178	28	102
2712	241	178	28	101
2713	240	178	27	99
2714	239	178	27	98
2715	238	178	27	97
2716	237	178	26	95
2717	236	178	26	94
2718	235	178	26	93
2719	234	178	26	92
2720	233	178	26	90
2721	233	178	24	89
2722	232	178	24	88
2723	231	178	24	87
2724	230	178	24	86
2725	229	178	24	85
2726	229	178	23	84
2727	228	178	23	83
2728	227	178	23	82
2729	226	177	23	82
2730	453	191	59	233
2731	439	190	73	234
2732	427	189	85	235
2733	416	189	96	235
2734	406	188	96	236
2735	397	187	91	237
2736	388	187	87	237
2737	380	186	83	238
2738	372	186	80	238
2739	365	185	77	239
2740	359	185	73	235
2741	353	185	70	227
2742	347	184	68	221
2743	342	184	65	214
2744	337	184	63	208
2745	332	183	61	202
2746	327	183	59	197
2747	323	183	57	191
2748	319	183	55	186
2749	315	182	54	182
2750	311	182	52	178
2751	308	182	50	173
2752	304	182	50	169
2753	301	181	48	166
2754	298	181	47	162
2755	295	181	46	158
2756	292	181	45	155
2757	290	181	43	152
2758	287	181	43	148
2759	285	181	41	145
2760	282	180	41	143
2761	280	180	40	140
2762	278	180	39	138
2763	276	180	38	135
2764	274	180	37	132
2765	272	180	36	130
2766	270	180	36	128
2767	268	180	35	125
2768	266	179	35	124
2769	265	179	33	122
2770	263	179	33	120
2771	261	179	33	118
2772	260	179	32	116
2773	258	179	32	114
2774	257	179	31	112
2775	255	179	31	110
2776	254	179	30	109
2777	253	179	29	107
2778	251	179	30	105
2779	250	179	29	104
2780	249	178	28	103
2781	248	178	28	102
2782	246	178	28	100
2783	245	178	28	99
2784	244	178	27	98
2785	243	178	27	96
2786	242	178	26	95
2787	241	178	26	94
2788	240	178	26	92
2789	239	178	25	91
2790	238	178	25	90
2791	237	178	25	89
2792	236	178	25	88
2793	235	178	25	87
2794	235	178	23	86
2795	234	178	23	85
2796	233	178	23	84
2797	232	178	23	83
2798	231	177	23	83
2799	231	177	22	82
2800	468	191	44	233
2801	454	190	58	234
2802	441	189	71	235
2803	430	188	82	236
2804	419	188	93	236
2805	410	187	91	237
2806	400	187	88	237
2807	392	186	83	238
2808	384	186	80	238
2809	377	185	76	239
2810	370	185	73	233
2811	364	184	70	226
2812	358	184	67	219
2813	352	184	65	212
2814	347	183	63	207
2815	341	183	61	201
2816	337	183	59	195
2817	332	183	57	190
2818	328	182	55	186
2819	324	182	54	181
2820	320	182	52	177
2821	316	182	51	172
2822	313	182	49	168
2823	309	181	48	165
2824	306	181	47	161
2825	303	181	46	158
2826	300	181	45	154
2827	297	181	44	151
2828	295	181	42	147
2829	292	180	41	145
2830	289	180	41	142
2831	287	180	40	140
2832	285	180	39	137
2833	283	180	38	134
2834	280	180	38	132
2835	278	180	37	129
2836	276	180	36	127
2837	274	179	36	126
2838	273	179	34	123
2839	271	179	34	121
2840	269	179	33	119
2841	267	179	33	117
2842	266	179	32	115
2843	264	179	32	113
2844	263	179	31	112
2845	261	179	31	110
2846	260	179	30	108
2847	258	179	30	107
2848	257	179	29	105
2849	255	178	29	104
2850	254	178	28	103
2851	253	178	28	101
2852	252	178	27	100
2853	250	178	28	99
2854	249	178	27	97
2855	248	178	27	96
2856	247	178	26	95
2857	246	178	26	93
2858	245	178	25	92
2859	244	178	25	91
2860	243	178	25	90
2861	242	178	24	89
2862	241	178	24	88
2863	240	178	24	86
2864	239	178	24	85
2865	238	178	24	84
2866	237	178	24	83
2867	236	177	23	83
2868	236	177	22	82
2869	235	177	22	81
2870	483	190	29	234
2871	468	189	44	235
2872	455	189	57	235
2873	443	188	69	236
2874	432	187	80	237
2875	422	187	90	237
2876	413	186	87	238
2877	404	186	83	238
2878	396	185	79	239
2879	388	185	76	239
2880	381	185	73	231
2881	374	184	71	224
2882	368	184	68	217
2883	362	184	65	211
2884	356	183	64	205
2885	351	183	61	200
2886	346	183	59	194
2887	341	183	58	189
2888	337	182	55	185
2889	332	182	54	180
2890	328	182	53	175
2891	325	182	50	171
2892	321	181	49	168
2893	317	181	49	164
2894	314	181	47	160
2895	311	181	45	157
2896	308	181	44	153
2897	305	181	43	150
2898	302	181	42	147
2899	299	180	42	145
2900	296	180	41	142
2901	294	180	40	139
2902	292	180	38	136
2903	289	180	38	134
2904	287	180	37	131
2905	285	180	36	129
2906	283	180	36	126
2907	281	179	35	125
2908	279	179	34	123
2909	277	179	34	121
2910	275	179	33	119
2911	273	179	33	117
2912	271	179	33	115
2913	270	179	31	113
2914	268	179	31	111
2915	267	179	30	109
2916	265	179	30	108
2917	264	179	29	106
2918	262	179	29	105
2919	261	178	28	104
2920	259	178	29	102
2921	258	178	28	101
2922	257	178	27	100
2923	255	178	28	98
2924	254	178	27	97
2925	253	178	26	96
2926	252	178	26	94
2927	251	178	25	93
2928	250	178	25	92
2929	249	178	25	91
2930	247	178	25	89
2931	246	178	25	88
2932	245	178	25	87
2933	244	178	24	86
2934	243	178	24	85
2935	243	178	23	84
2936	242	178	23	83
2937	241	177	23	83
2938	240	177	23	82
2939	239	177	22	81
2940	497	190	15	234
2941	482	189	30	235
2942	469	188	43	236
2943	456	188	56	236
2944	445	187	67	237
2945	434	187	78	237
2946	425	186	87	238
2947	415	186	84	238
2948	407	185	80	239
2949	399	185	76	237
2950	392	184	73	230
2951	385	184	70	223
2952	378	184	68	216
2953	372	184	65	209
2954	366	183	63	204
2955	360	183	62	198
2956	355	183	59	193
2957	350	182	58	188
2958	346	182	55	183
2959	341	182	54	179
2960	337	182	52	174
2961	333	182	51	170
2962	329	181	50	167
2963	325	181	49	163
2964	322	181	47	159
2965	318	181	46	156
2966	315	181	45	152
2967	312	181	44	149
2968	309	180	43	147
2969	306	180	42	144
2970	303	180	41	141
2971	301	180	40	138
2972	298	180	39	136
2973	296	180	38	133
2974	293	180	38	130
2975	291	180	37	128
2976	289	179	36	127
2977	287	179	35	124
2978	285	179	34	122
2979	283	179	34	120
2980	281	179	33	118
2981	279	179	33	116
2982	277	179	32	114
2983	275	179	32	113
2984	274	179	31	111
2985	272	179	31	109
2986	271	179	30	107
2987	269	179	30	106
2988	267	178	30	105
2989	266	178	29	104
2990	265	178	28	102
2991	263	178	28	101
2992	262	178	27	99
2993	261	178	27	98
2994	259	178	27	96
2995	258	178	26	95
2996	257	178	26	94
2997	256	178	25	93
2998	254	178	26	91
2999	253	178	25	90
3000	252	178	25	89
3001	251	178	24	88
3002	250	178	24	87
3003	249	178	24	86
3004	248	178	24	85
3005	247	178	23	84
3006	246	177	23	84
3007	245	177	23	83
3008	244	177	23	82
3009	243	177	23	81
3010	511	190	1	234
3011	496	189	16	235
3012	482	188	30	236
3013	469	188	43	236
3014	457	187	55	237
3015	447	186	65	238
3016	436	186	76	238
3017	427	186	83	238
3018	418	185	80	239
3019	410	185	76	235
3020	402	184	74	228
3021	395	184	71	221
3022	388	184	68	214
3023	382	183	65	209
3024	375	183	64	202
3025	370	183	61	197
3026	364	183	60	191
3027	359	182	58	187
3028	354	182	56	182
3029	350	182	54	178
3030	345	182	53	173
3031	341	181	51	170
3032	337	181	50	166
3033	333	181	48	162
3034	329	181	48	158
3035	326	181	46	155
3036	322	181	45	151
3037	319	181	44	148
3038	316	180	43	146
3039	313	180	42	143
3040	310	180	41	140
3041	308	180	39	138
3042	305	180	39	135
3043	302	180	39	132
3044	300	180	37	130
3045	297	180	37	127
3046	295	179	36	126
3047	293	179	35	124
3048	291	179	34	122
3049	289	179	34	120
3050	287	179	33	118
3051	285	179	33	116
3052	283	179	32	114
3053	281	179	32	112
3054	279	179	31	110
3055	278	179	30	109
3056	276	179	30	107
3057	274	178	30	106
3058	273	178	29	105
3059	271	178	29	103
3060	270	178	28	102
3061	268	178	28	100
3062	267	178	27	99
3063	265	178	28	97
3064	264	178	27	96
3065	263	178	26	95
3066	262	178	25	94
3067	260	178	26	92
3068	259	178	25	91
3069	258	178	25	90
3070	257	178	24	89
3071	256	178	24	88
3072	254	178	25	87
3073	253	178	24	86
3074	252	178	24	85
3075	251	177	24	85
3076	250	177	23	84
3077	249	177	23	83
3078	248	177	23	82
3079	247	177	23	81
3080	511	189	1	235
3081	510	189	2	235
3082	495	188	17	236
3083	482	187	30	237
3084	470	187	42	237
3085	458	186	54	238
3086	448	186	64	238
3087	438	185	74	239
3088	429	185	80	239
3089	420	185	77	233
3090	412	184	74	226
3091	405	184	71	219
3092	398	184	68	212
3093	391	183	66	207
3094	385	183	63	201
3095	379	183	61	195
3096	373	182	60	191
3097	368	182	58	186
3098	363	182	56	181
3099	358	182	54	176
3100	353	182	53	172
3101	349	181	51	169
3102	345	181	50	165
3103	341	181	48	161
3104	337	181	47	157
3105	333	181	46	154
3106	330	181	45	151
3107	326	180	44	148
3108	323	180	43	145
3109	320	180	42	142
3110	317	180	41	140
3111	314	180	40	137
3112	311	180	40	134
3113	309	180	38	132
3114	306	180	38	129
3115	304	179	37	128
3116	301	179	36	126
3117	299	179	35	123
3118	297	179	34	121
3119	295	179	34	119
3120	292	179	34	117
3121	290	179	33	115
3122	288	179	33	113
3123	287	179	31	112
3124	285	179	31	110
3125	283	179	31	108
3126	281	179	30	106
3127	280	178	29	106
3128	278	178	29	104
3129	276	178	29	103
3130	275	178	28	101
3131	273	178	28	100
3132	272	178	27	98
3133	270	178	27	97
3134	269	178	27	96
3135	268	178	26	95
3136	266	178	26	93
3137	265	178	26	92
3138	264	178	25	91
3139	263	178	24	90
3140	261	178	25	89
3141	260	178	24	87
3142	259	178	24	86
3143	258	178	24	85
3144	257	178	23	84
3145	256	177	23	84
3146	255	177	23	83
3147	254	177	22	82
3148	253	177	22	81
3149	252	177	22	80
3150	511	189	1	235
3151	511	188	1	236
3152	508	188	4	236
3153	494	187	18	237
3154	482	187	30	237
3155	470	186	42	238
3156	459	186	53	238
3157	449	185	63	239
3158	440	185	72	239
3159	431	184	77	232
3160	423	184	73	224
3161	415	184	71	217
3162	408	183	68	212
3163	401	183	66	205
3164	394	183	64	200
3165	388	183	61	194
3166	382	182	60	190
3167	377	182	57	185
3168	371	182	56	180
3169	366	182	55	175
3170	362	182	52	171
3171	357	181	51	168
3172	353	181	49	164
3173	348	181	49	160
3174	344	181	48	157
3175	341	181	46	153
3176	337	181	45	150
3177	334	180	43	148
3178	330	180	43	145
3179	327	180	42	142
3180	324	180	41	139
3181	321	180	40	136
3182	318	180	39	134
3183	315	180	39	131
3184	313	180	37	129
3185	310	179	37	127
3186	307	179	37	125
3187	305	179	35	123
3188	303	179	34	121
3189	300	179	35	119
3190	298	179	34	117
3191	296	179	33	115
3192	294	179	32	113
3193	292	179	32	111
3194	290	179	31	109
3195	288	179	31	108
3196	286	178	31	107
3197	285	178	29	105
3198	283	178	29	104
3199	281	178	29	102
3200	280	178	28	101
3201	278	178	28	100
3202	277	178	27	98
3203	275	178	27	97
3204	274	178	26	95
3205	272	178	27	94
3206	271	178	26	93
3207	270	178	25	92
3208	268	178	26	91
3209	267	178	25	89
3210	266	178	24	88
3211	265	178	24	87
3212	263	178	24	86
3213	262	178	24	85
3214	261	177	23	85
3215	260	177	23	84
3216	259	177	23	83
3217	258	177	22	82
3218	257	177	22	81
3219	256	177	22	80
3220	511	189	1	235
3221	511	188	1	236
3222	511	188	1	236
3223	507	187	5	237
3224	494	186	18	238
3225	482	186	30	238
3226	470	185	42	239
3227	460	185	52	239
3228	450	185	62	237
3229	441	184	71	230
3230	433	184	74	223
3231	425	184	71	216
3232	417	183	69	210
3233	410	183	66	204
3234	403	183	64	198
3235	397	183	62	193
3236	391	182	59	188
3237	385	182	58	183
3238	380	182	56	179
3239	375	182	54	174
3240	370	181	52	171
3241	365	181	51	167
3242	360	181	50	163
3243	356	181	49	159
3244	352	181	47	156
3245	348	181	46	152
3246	344	180	45	150
3247	341	180	44	147
3248	337	180	43	144
3249	334	180	42	141
3250	331	180	41	138
3251	327	180	41	135
3252	324	180	40	133
3253	322	180	38	130
3254	319	179	37	129
3255	316	179	37	127
3256	313	179	37	124
3257	311	179	35	122
3258	309	179	34	120
3259	306	179	34	118
3260	304	179	34	116
3261	302	179	33	114
3262	300	179	32	112
3263	298	179	31	111
3264	296	179	31	109
3265	294	179	30	107
3266	292	178	30	107
3267	290	178	30	105
3268	288	178	29	104
3269	286	178	29	102
3270	285	178	28	101
3271	283	178	28	99
3272	282	178	27	98
3273	280	178	27	96
3274	278	178	27	95
3275	277	178	26	94
3276	276	178	26	93
3277	274	178	26	91
3278	273	178	25	90
3279	271	178	25	89
3280	270	178	25	88
3281	269	178	24	87
3282	268	178	24	86
3283	266	177	24	86
3284	265	177	24	85
3285	264	177	23	84
3286	263	177	23	83
3287	262	177	23	82
3288	261	177	22	81
3289	260	177	22	80
3290	511	189	1	235
3291	511	188	1	236
3292	511	187	1	237
3293	511	187	1	237
3294	505	186	7	238
3295	493	186	19	238
3296	481	185	31	239
3297	471	185	41	239
3298	461	184	51	236
3299	451	184	61	228
3300	443	184	69	221
3301	434	183	71	215
3302	427	183	68	209
3303	419	183	66	202
3304	412	183	64	197
3305	406	182	61	192
3306	400	182	59	187
3307	394	182	57	182
3308	388	182	56	178
3309	383	182	54	173
3310	378	181	52	170
3311	373	181	51	166
3312	368	181	50	162
3313	364	181	48	158
3314	359	181	48	155
3315	355	181	46	151
3316	351	180	45	149
3317	348	180	44	146
3318	344	180	43	143
3319	340	180	42	140
3320	337	180	41	137
3321	334	180	40	135
3322	331	180	39	132
3323	328	180	38	130
3324	325	179	38	128
3325	322	179	37	126
3326	320	179	36	124
3327	317	179	35	122
3328	314	179	35	120
3329	312	179	34	118
3330	310	179	33	116
3331	307	179	33	114
3332	305	179	33	112
3333	303	179	32	110
3334	301	179	31	109
3335	299	178	31	108
3336	297	178	30	106
3337	295	178	30	105
3338	293	178	30	103
3339	291	178	29	102
3340	290	178	28	100
3341	288	178	28	99
3342	286	178	28	97
3343	285	178	27	96
3344	283	178	27	95
3345	282	178	26	94
3346	280	178	26	92
3347	279	178	25	91
3348	277	178	26	90
3349	276	178	25	89
3350	275	178	24	88
3351	273	178	25	87
3352	272	177	24	87
3353	271	177	23	86
3354	270	177	23	84
3355	268	177	23	84
3356	267	177	23	83
3357	266	177	23	82
3358	265	177	22	81
3359	264	177	22	80
3360	511	188	1	236
3361	511	188	1	236
3362	511	187	1	237
3363	511	187	1	237
3364	511	186	1	238
3365	504	186	8	238
3366	492	185	20	239
3367	481	185	31	239
3368	471	184	41	234
3369	461	184	51	226
3370	452	184	60	219
3371	444	183	68	213
3372	436	183	68	207
3373	428	183	66	201
3374	421	183	64	195
3375	414	182	62	191
3376	408	182	60	186
3377	402	182	58	181
3378	396	182	56	176
3379	391	181	54	173
3380	385	181	53	169
3381	380	181	52	165
3382	376	181	50	161
3383	371	181	49	157
3384	367	181	47	154
3385	362	180	47	152
3386	358	180	45	148
3387	354	180	45	145
3388	351	180	43	142
3389	347	180	42	140
3390	344	180	41	137
3391	340	180	41	134
3392	337	180	40	132
3393	334	179	39	130
3394	331	179	38	128
3395	328	179	37	126
3396	325	179	37	123
3397	323	179	35	121
3398	320	179	35	119
3399	318	179	34	117
3400	315	179	34	115
3401	313	179	33	113
3402	311	179	32	112
3403	308	179	32	110
3404	306	178	32	109
3405	304	178	31	107
3406	302	178	30	106
3407	300	178	30	104
3408	298	178	30	103
3409	296	178	29	101
3410	295	178	28	100
3411	293	178	28	98
3412	291	178	28	97
3413	289	178	28	96
3414	288	178	27	94
3415	286	178	27	93
3416	285	178	26	92
3417	283	178	26	91
3418	282	178	25	90
3419	280	178	25	89
3420	279	178	25	87
3421	278	178	24	86
3422	276	177	24	86
3423	275	177	24	85
3424	274	177	23	84
3425	272	177	24	83
3426	271	177	23	82
3427	270	177	23	81
3428	269	177	22	80
3429	268	177	22	80
3430	511	188	1	236
3431	511	187	1	237
3432	511	187	1	237
3433	511	186	1	238
3434	511	186	1	238
3435	511	185	1	239
3436	503	185	9	239
3437	492	185	20	239
3438	481	184	31	232
3439	471	184	41	224
3440	462	184	50	217
3441	453	183	59	212
3442	445	183	67	205
3443	437	183	66	200
3444	430	182	64	195
3445	423	182	62	190
3446	416	182	60	185
3447	410	182	58	180
3448	404	182	56	175
3449	399	181	54	172
3450	393	181	53	168
3451	388	181	51	164
3452	383	181	50	160
3453	378	181	49	157
3454	374	181	47	153
3455	369	180	47	151
3456	365	180	46	148
3457	361	180	44	145
3458	357	180	44	142
3459	354	180	42	139
3460	350	180	41	136
3461	347	180	40	134
3462	343	179	40	132
3463	340	179	39	130
3464	337	179	38	127
3465	334	179	37	125
3466	331	179	37	123
3467	329	179	35	121
3468	326	179	35	119
3469	323	179	35	117
3470	321	179	34	115
3471	318	179	33	113
3472	316	179	33	111
3473	314	179	32	109
3474	312	178	31	109
3475	309	178	31	107
3476	307	178	31	105
3477	305	178	30	104
3478	303	178	30	102
3479	301	178	29	101
3480	299	178	29	99
3481	298	178	28	98
3482	296	178	28	97
3483	294	178	27	95
3484	293	178	26	94
3485	291	178	26	93
3486	289	178	26	92
3487	288	178	26	91
3488	286	178	26	89
3489	285	178	25	88
3490	283	178	25	87
3491	282	177	24	87
3492	281	177	24	86
3493	279	177	24	85
3494	278	177	23	84
3495	277	177	23	83
3496	275	177	23	82
3497	274	177	23	81
3498	273	177	22	80
3499	272	177	22	79
3500	511	188	1	236
3501	511	187	1	237
3502	511	187	1	237
3503	511	186	1	238
3504	511	186	1	238
3505	511	185	1	239
3506	511	185	1	239
3507	502	184	10	238
3508	491	184	21	230
3509	481	184	31	223
3510	472	183	40	217
3511	463	183	49	210
3512	454	183	58	204
3513	446	183	66	198
3514	439	182	64	194
3515	432	182	61	188
3516	425	182	60	183
3517	418	182	58	179
3518	412	181	56	175
3519	406	181	55	171
3520	401	181	53	167
3521	396	181	51	163
3522	390	181	51	159
3523	386	181	48	156
3524	381	180	48	153
3525	376	180	47	150
3526	372	180	45	147
3527	368	180	44	144
3528	364	180	43	141
3529	360	180	42	138
3530	357	180	41	135
3531	353	180	40	133
3532	350	179	39	131
3533	346	179	39	129
3534	343	179	38	127
3535	340	179	37	124
3536	337	179	37	122
3537	334	179	36	120
3538	332	179	35	118
3539	329	179	34	116
3540	326	179	34	114
3541	324	179	33	112
3542	321	179	33	111
3543	319	178	32	110
3544	317	178	31	108
3545	315	178	30	107
3546	312	178	31	105
3547	310	178	30	103
3548	308	178	30	102
3549	306	178	29	101
3550	304	178	29	99
3551	302	178	29	98
3552	301	178	27	96
3553	299	178	27	95
3554	297	178	27	94
3555	295	178	27	93
3556	294	178	26	91
3557	292	178	26	90
3558	291	178	25	89
3559	289	178	25	88
3560	288	177	24	88
3561	286	177	25	87
3562	285	177	24	86
3563	283	177	24	85
3564	282	177	24	84
3565	281	177	23	83
3566	279	177	23	82
3567	278	177	23	81
3568	277	177	22	80
3569	276	177	22	79
3570	511	188	1	236
3571	511	187	1	237
3572	511	186	1	238
3573	511	186	1	238
3574	511	185	1	239
3575	511	185	1	239
3576	511	185	1	239
3577	511	184	1	236
3578	501	184	11	228
3579	491	184	21	221
3580	481	183	31	215
3581	472	183	40	209
3582	463	183	49	202
3583	455	182	57	198
3584	447	182	64	192
3585	440	182	62	187
3586	433	182	60	182
3587	426	182	58	178
3588	420	181	56	174
3589	414	181	55	170
3590	408	181	54	166
3591	403	181	52	162
3592	398	181	50	158
3593	393	181	49	155
3594	388	180	48	152
3595	383	180	47	149
3596	379	180	45	146
3597	375	180	44	143
3598	371	180	43	140
3599	367	180	42	137
3600	363	180	41	135
3601	359	179	41	133
3602	356	179	39	131
3603	353	179	38	128
3604	349	179	38	126
3605	346	179	37	124
3606	343	179	37	122
3607	340	179	36	120
3608	337	179	35	118
3609	335	179	34	116
3610	332	179	34	114
3611	329	179	33	112
3612	327	179	32	110
3613	324	178	32	109
3614	322	178	31	108
3615	320	178	31	106
3616	317	178	31	105
3617	315	178	30	103
3618	313	178	30	102
3619	311	178	29	100
3620	309	178	29	99
3621	307	178	28	97
3622	305	178	28	96
3623	304	178	27	95
3624	302	178	27	93
3625	300	178	27	92
3626	298	178	26	91
3627	297	178	25	90
3628	295	178	26	89
3629	293	178	26	88
3630	292	177	25	88
3631	290	177	25	86
3632	289	177	24	85
3633	287	177	24	84
3634	286	177	24	83
3635	285	177	23	82
3636	283	177	23	82
3637	282	177	23	81
3638	281	177	22	80
3639	280	177	22	79
3640	511	187	1	237
3641	511	187	1	237
3642	511	186	1	238
3643	511	186	1	238
3644	511	185	1	239
3645	511	185	1	239
3646	511	184	1	240
3647	511	184	1	234
3648	511	184	1	226
3649	500	183	12	220
3650	490	183	22	213
3651	481	183	31	207
3652	472	183	40	201
3653	464	182	48	196
3654	456	182	56	191
3655	448	182	62	186
3656	441	182	60	181
3657	434	181	58	177
3658	428	181	56	173
3659	422	181	54	169
3660	416	181	53	165
3661	410	181	52	161
3662	405	181	50	157
3663	400	180	49	155
3664	395	180	48	152
3665	390	180	47	148
3666	386	180	45	145
3667	381	180	45	142
3668	377	180	43	139
3669	373	180	42	137
3670	369	180	42	134
3671	366	179	40	133
3672	362	179	40	130
3673	359	179	38	128
3674	355	179	38	125
3675	352	179	37	123
3676	349	179	36	121
3677	346	179	36	119
3678	343	179	35	117
3679	340	179	35	115
3680	337	179	34	113
3681	335	179	33	111
3682	332	178	33	111
3683	330	178	32	109
3684	327	178	32	107
3685	325	178	31	106
3686	322	178	31	104
3687	320	178	30	103
3688	318	178	30	101
3689	316	178	29	100
3690	314	178	29	98
3691	312	178	28	97
3692	310	178	28	96
3693	308	178	28	94
3694	306	178	27	93
3695	304	178	27	92
3696	303	178	26	91
3697	301	178	26	90
3698	299	178	26	88
3699	298	177	25	88
3700	296	177	25	87
3701	295	177	24	86
3702	293	177	24	85
3703	292	177	24	84
3704	290	177	24	83
3705	289	177	23	82
3706	287	177	23	81
3707	286	177	23	80
3708	285	177	22	79
3709	283	177	23	79
3710	511	187	1	237
3711	511	187	1	237
3712	511	186	1	238
3713	511	186	1	238
3714	511	185	1	239
3715	511	185	1	239
3716	511	184	1	240
3717	511	184	1	232
3718	511	184	1	224
3719	509	183	3	218
3720	499	183	13	212
3721	490	183	22	205
3722	481	182	31	201
3723	472	182	40	195
3724	464	182	48	190
3725	456	182	56	185
3726	449	182	60	180
3727	442	181	58	176
3728	436	181	56	172
3729	429	181	55	168
3730	423	181	54	164
3731	418	181	51	160
3732	412	181	50	157
3733	407	180	49	154
3734	402	180	48	151
3735	397	180	47	148
3736	392	180	46	145
3737	388	180	44	142
3738	384	180	43	139
3739	380	180	42	136
3740	376	179	41	134
3741	372	179	40	132
3742	368	179	40	130
3743	365	179	38	127
3744	361	179	38	125
3745	358	179	37	123
3746	355	179	36	121
3747	351	179	36	119
3748	348	179	36	117
3749	346	179	34	115
3750	343	179	34	113
3751	340	178	33	112
3752	337	178	33	110
3753	335	178	32	109
3754	332	178	32	107
3755	330	178	31	105
3756	327	178	31	104
3757	325	178	30	102
3758	323	178	30	101
3759	321	178	29	99
3760	319	178	28	98
3761	317	178	28	97
3762	315	178	27	95
3763	313	178	27	94
3764	311	178	27	93
3765	309	178	27	92
3766	307	178	26	90
3767	305	178	26	89
3768	304	177	25	89
3769	302	177	25	88
3770	300	177	25	87
3771	299	177	24	86
3772	297	177	25	85
3773	296	177	24	84
3774	294	177	24	83
3775	293	177	23	82
3776	291	177	23	81
3777	290	177	23	80
3778	289	177	22	79
3779	287	177	23	78
3780	511	187	1	237
3781	511	186	1	238
3782	511	186	1	238
3783	511	185	1	239
3784	511	185	1	239
3785	511	185	1	239
3786	511	184	1	238
3787	511	184	1	230
3788	511	184	1	223
3789	511	183	1	217
3790	508	183	4	210
3791	498	183	14	204
3792	489	182	23	199
3793	481	182	31	194
3794	472	182	40	188
3795	465	182	47	183
3796	457	181	55	180
3797	450	181	58	175
3798	443	181	57	171
3799	437	181	55	167
3800	431	181	53	163
3801	425	181	52	159
3802	419	180	51	157
3803	414	180	49	153
3804	409	180	48	150
3805	404	180	46	147
3806	399	180	46	144
3807	394	180	45	141
3808	390	180	43	138
3809	386	180	42	135
3810	382	179	41	134
3811	378	179	40	131
3812	374	179	40	129
3813	370	179	39	127
3814	367	179	38	124
3815	364	179	37	122
3816	360	179	37	120
3817	357	179	36	118
3818	354	179	35	116
3819	351	179	35	114
3820	348	179	34	112
3821	345	178	34	112
3822	343	178	32	110
3823	340	178	32	108
3824	337	178	32	107
3825	335	178	31	105
3826	332	178	31	103
3827	330	178	30	102
3828	328	178	29	100
3829	326	178	29	99
3830	323	178	29	98
3831	321	178	29	96
3832	319	178	28	95
3833	317	178	28	94
3834	315	178	27	93
3835	313	178	27	91
3836	312	178	26	90
3837	310	178	26	89
3838	308	177	26	89
3839	306	177	26	88
3840	305	177	25	87
3841	303	177	25	86
3842	301	177	25	85
3843	300	177	24	84
3844	298	177	24	83
3845	297	177	23	82
3846	295	177	23	81
3847	294	177	23	80
3848	293	177	22	79
3849	291	177	22	78
3850	511	187	1	237
3851	511	186	1	238
3852	511	186	1	238
3853	511	185	1	239
3854	511	185	1	239
3855	511	184	1	240
3856	511	184	1	236
3857	511	184	1	228
3858	511	183	1	222
3859	511	183	1	215
3860	511	183	1	209
3861	507	183	5	202
3862	498	182	14	198
3863	489	182	23	192
3864	480	182	32	187
3865	473	182	39	182
3866	465	181	47	179
3867	458	181	54	174
3868	451	181	56	170
3869	444	181	55	166
3870	438	181	53	162
3871	432	181	52	158
3872	426	180	51	156
3873	421	180	49	152
3874	416	180	47	149
3875	410	180	47	146
3876	406	180	45	143
3877	401	180	44	140
3878	396	180	44	137
3879	392	179	43	136
3880	388	179	41	133
3881	384	179	41	131
3882	380	179	40	128
3883	376	179	39	126
3884	373	179	38	124
3885	369	179	38	122
3886	366	179	36	120
3887	363	179	36	118
3888	359	179	36	116
3889	356	179	35	114
3890	353	178	34	113
3891	351	178	33	111
3892	348	178	33	109
3893	345	178	32	108
3894	342	178	32	106
3895	340	178	31	105
3896	337	178	31	103
3897	335	178	30	102
3898	333	178	29	100
3899	330	178	30	99
3900	328	178	29	97
3901	326	178	28	96
3902	324	178	28	95
3903	322	178	27	93
3904	320	178	27	92
3905	318	178	27	91
3906	316	178	26	90
3907	314	177	26	90
3908	312	177	26	89
3909	311	177	25	88
3910	309	177	25	86
3911	307	177	25	85
3912	305	177	25	84
3913	304	177	24	83
3914	302	177	24	82
3915	301	177	23	82
3916	299	177	23	81
3917	298	177	23	80
3918	296	177	23	79
3919	295	177	22	78
3920	511	187	1	237
3921	511	186	1	238
3922	511	186	1	238
3923	511	185	1	239
3924	511	185	1	239
3925	511	184	1	240
3926	511	184	1	234
3927	511	184	1	226
3928	511	183	1	220
3929	511	183	1	213
3930	511	183	1	207
3931	511	182	1	202
3932	506	182	6	196
3933	497	182	15	191
3934	489	182	23	186
3935	480	181	32	182
3936	473	181	39	177
3937	465	181	47	173
3938	458	181	54	169
3939	452	181	54	165
3940	445	181	53	161
3941	439	180	52	158
3942	433	180	51	155
3943	428	180	49	152
3944	422	180	48	148
3945	417	180	47	145
3946	412	180	46	142
3947	407	180	45	139
3948	403	180	43	137
3949	398	179	43	135
3950	394	179	42	133
3951	390	179	41	130
3952	386	179	40	128
3953	382	179	39	125
3954	378	179	39	123
3955	375	179	37	121
3956	371	179	37	119
3957	368	179	36	117
3958	365	179	35	115
3959	362	178	34	114
3960	359	178	34	112
3961	356	178	33	111
3962	353	178	33	109
3963	350	178	32	107
3964	347	178	32	106
3965	345	178	31	104
3966	342	178	31	103
3967	340	178	30	101
3968	337	178	30	100
3969	335	178	29	98
3970	333	178	29	97
3971	331	178	28	96
3972	328	178	28	94
3973	326	178	28	93
3974	324	178	27	92
3975	322	178	27	91
3976	320	177	27	91
3977	318	177	26	89
3978	317	177	25	88
3979	315	177	25	87
3980	313	177	25	86
3981	311	177	25	85
3982	310	177	24	84
3983	308	177	24	83
3984	306	177	24	82
3985	305	177	23	81
3986	303	177	23	80
3987	302	177	23	79
3988	300	177	23	79
3989	299	177	22	78
3990	511	186	1	238
3991	511	186	1	238
3992	511	185	1	239
3993	511	185	1	239
3994	511	184	1	240
3995	511	184	1	240
3996	511	184	1	232
3997	511	183	1	225
3998	511	183	1	218
3999	511	183	1	212
4000	511	183	1	205
4001	511	182	1	201
4002	511	182	1	195
4003	505	182	7	190
4004	496	182	16	185
4005	488	181	24	181
4006	480	181	32	176
4007	473	181	39	172
4008	466	181	46	168
4009	459	181	53	164
4010	452	181	54	160
4011	446	180	52	157
4012	440	180	51	154
4013	434	180	50	151
4014	429	180	48	148
4015	424	180	46	144
4016	419	180	45	142
4017	414	180	44	139
4018	409	179	43	137
4019	404	179	43	134
4020	400	179	42	132
4021	396	179	41	129
4022	392	179	40	127
4023	388	179	39	125
4024	384	179	38	123
4025	381	179	37	121
4026	377	179	37	119
4027	374	179	36	117
4028	370	179	36	115
4029	367	178	35	114
4030	364	178	34	112
4031	361	178	33	110
4032	358	178	33	109
4033	355	178	32	107
4034	352	178	32	105
4035	350	178	31	104
4036	347	178	31	102
4037	345	178	30	101
4038	342	178	30	99
4039	340	178	29	98
4040	337	178	29	97
4041	335	178	29	95
4042	333	178	28	94
4043	331	178	27	93
4044	329	178	27	92
4045	327	177	26	91
4046	325	177	26	90
4047	323	177	26	89
4048	321	177	25	88
4049	319	177	25	87
4050	317	177	25	86
4051	315	177	25	85
4052	314	177	24	84
4053	312	177	24	83
4054	310	177	24	82
4055	309	177	23	81
4056	307	177	23	80
4057	306	177	22	79
4058	304	177	23	78
4059	303	177	22	77
4060	511	186	1	238
4061	511	186	1	238
4062	511	185	1	239
4063	511	185	1	239
4064	511	184	1	240
4065	511	184	1	238
4066	511	184	1	230
4067	511	183	1	224
4068	511	183	1	217
4069	511	183	1	210
4070	511	182	1	205
4071	511	182	1	199
4072	511	182	1	194
4073	511	182	1	188
4074	504	182	8	183
4075	496	181	16	180
4076	488	181	24	175
4077	480	181	32	171
4078	473	181	39	167
4079	466	181	46	163
4080	459	180	53	160
4081	453	180	52	157
4082	447	180	50	153
4083	441	180	49	150
4084	435	180	48	147
4085	430	180	47	144
4086	425	180	46	141
4087	420	180	44	138
4088	415	179	44	136
4089	411	179	42	134
4090	406	179	42	131
4091	402	179	41	129
4092	398	179	40	127
4093	394	179	39	124
4094	390	179	38	122
4095	386	179	38	120
4096	383	179	36	118
4097	379	179	36	116
4098	376	178	35	115
4099	372	178	35	113
4100	369	178	34	112
4101	366	178	34	110
4102	363	178	33	108
4103	360	178	33	106
4104	357	178	32	105
4105	355	178	31	103
4106	352	178	31	102
4107	349	178	31	100
4108	347	178	30	99
4109	344	178	30	98
4110	342	178	29	96
4111	340	178	28	95
4112	337	178	28	94
4113	335	178	28	92
4114	333	178	27	91
4115	331	177	27	91
4116	329	177	26	90
4117	327	177	26	89
4118	325	177	26	88
4119	323	177	25	87
4120	321	177	25	86
4121	319	177	25	85
4122	318	177	24	84
4123	316	177	24	83
4124	314	177	24	82
4125	313	177	23	81
4126	311	177	23	80
4127	309	177	23	79
4128	308	177	22	78
4129	306	177	23	77
4130	511	186	1	238
4131	511	185	1	239
4132	511	185	1	239
4133	511	185	1	239
4134	511	184	1	240
4135	511	184	1	236
4136	511	183	1	229
4137	511	183	1	222
4138	511	183	1	215
4139	511	183	1	209
4140	511	182	1	203
4141	511	182	1	198
4142	511	182	1	192
4143	511	182	1	187
4144	511	181	1	183
4145	503	181	9	179
4146	495	181	17	174
4147	488	181	24	170
4148	480	181	32	166
4149	473	181	39	162
4150	466	180	46	159
4151	460	180	52	156
4152	454	180	50	152
4153	448	180	49	149
4154	442	180	48	146
4155	437	180	46	143
4156	431	180	46	140
4157	426	179	45	138
4158	421	179	44	136
4159	417	179	42	133
4160	412	179	42	131
4161	408	179	40	128
4162	403	179	40	126
4163	399	179	39	124
4164	395	179	39	122
4165	392	179	37	120
4166	388	179	37	118
4167	384	179	36	116
4168	381	178	35	115
4169	378	178	34	113
4170	374	178	34	111
4171	371	178	34	109
4172	368	178	33	108
4173	365	178	33	106
4174	362	178	32	105
4175	360	178	31	103
4176	357	178	31	101
4177	354	178	30	100
4178	352	178	29	99
4179	349	178	29	97
4180	347	178	28	96
4181	344	178	29	95
4182	342	178	28	93
4183	340	178	27	92
4184	337	177	28	92
4185	335	177	27	91
4186	333	177	27	90
4187	331	177	26	89
4188	329	177	26	87
4189	327	177	26	86
4190	325	177	25	85
4191	324	177	24	84
4192	322	177	24	83
4193	320	177	24	82
4194	318	177	24	81
4195	316	177	24	81
4196	315	177	23	80
4197	313	177	23	79
4198	312	177	22	78
4199	310	177	22	77
