0	0.000100
1	0.000100
2	0.000100
3	0.000100
4	0.000100
5	0.000100
6	0.000100
7	0.000100
8	0.000100
9	0.000100
10	0.000100
11	0.000100
12	0.000100
13	0.000100
14	0.000100
15	0.000100
16	0.000100
17	0.000100
18	0.000100
19	0.000100
20	0.000100
21	0.000100
22	0.000100
23	0.000100
24	0.000100
25	0.000100
26	0.000100
27	0.000100
28	0.000100
29	0.000100
30	0.000100
31	0.000100
32	0.000100
33	0.000100
34	0.000100
35	0.000100
36	0.000100
37	0.000100
38	0.000100
39	0.000100
40	0.000100
41	0.000100
42	0.000100
43	0.000100
44	0.000100
45	0.000100
46	0.000100
47	0.000100
48	0.000100
49	0.000100
50	0.000100
51	0.000100
52	0.000100
53	0.000100
54	0.000100
55	0.000100
56	0.000100
57	0.000100
58	0.000100
59	0.000100
60	0.000100
61	0.000100
62	0.000100
63	0.000100
64	0.000100
65	0.000100
66	0.000100
67	0.000100
68	0.000100
69	0.000100
70	0.000100
71	0.000100
72	0.000100
73	0.000100
74	0.000100
75	0.000100
76	0.000100
77	0.000100
78	0.000100
79	0.000100
80	0.000100
81	0.000100
82	0.000100
83	0.000100
84	0.000100
85	0.000100
86	0.000100
87	0.000100
88	0.000100
89	0.000100
90	0.000100
91	0.000100
92	0.000100
93	0.000100
94	0.000100
95	0.000100
96	0.000100
97	0.000100
98	0.000100
99	0.000100
100	0.000100
101	0.000100
102	0.000100
103	0.000100
104	0.000100
105	0.000100
106	0.000100
107	0.000100
108	0.000100
109	0.000100
110	0.000100
111	0.000100
112	0.000100
113	0.000100
114	0.000100
115	0.000100
116	0.000100
117	0.000100
118	0.000100
119	0.000100
120	0.000100
121	0.000100
122	0.000100
123	0.000100
124	0.000100
125	0.000100
126	0.000100
127	0.000100
128	0.000100
129	0.000100
130	0.000100
131	0.000100
132	0.000100
133	0.000100
134	0.000100
135	0.000100
136	0.000100
137	0.000100
138	0.000100
139	0.000100
140	0.000100
141	0.000100
142	0.000100
143	0.000100
144	0.000100
145	0.000100
146	0.000100
147	0.000100
148	0.000100
149	0.000100
150	0.000100
151	0.000100
152	0.000100
153	0.000100
154	0.000100
155	0.000100
156	0.000100
157	0.000100
158	0.000100
159	0.000100
160	0.000100
161	0.000100
162	0.000100
163	0.000100
164	0.000100
165	0.000100
166	0.000100
167	0.000100
168	0.000100
169	0.000100
170	0.000100
171	0.000100
172	0.000100
173	0.000100
174	0.000100
175	0.000100
176	0.000100
177	0.000100
178	0.000100
179	0.000100
180	0.000100
181	0.000100
182	0.000100
183	0.000100
184	0.000100
185	0.000100
186	0.000100
187	0.000100
188	0.000100
189	0.000100
190	0.000100
191	0.000100
192	0.000100
193	0.000100
194	0.000100
195	0.000100
196	0.000100
197	0.000100
198	0.000100
199	0.000100
200	0.000100
201	0.000100
202	0.000100
203	0.000100
204	0.000100
205	0.000100
206	0.000100
207	0.000100
208	0.000100
209	0.000100
210	0.000100
211	0.000100
212	0.000100
213	0.000100
214	0.000100
215	0.000100
216	0.000100
217	0.000100
218	0.000100
219	0.000100
220	0.000100
221	0.000100
222	0.000100
223	0.000100
224	0.000100
225	0.000100
226	0.000100
227	0.000100
228	0.000100
229	0.000100
230	0.000100
231	0.000100
232	0.000100
233	0.000100
234	0.000100
235	0.000100
236	0.000100
237	0.000100
238	0.000100
239	0.000100
240	0.000100
241	0.000100
242	0.000100
243	0.000100
244	0.000100
245	0.000100
246	0.000100
247	0.000100
248	0.000100
249	0.000100
250	0.000100
251	0.000100
252	0.000100
253	0.000100
254	0.000100
255	0.000100
256	0.000100
257	0.000100
258	0.000100
259	0.000100
260	0.000100
261	0.000100
262	0.000100
263	0.000100
264	0.000100
265	0.000100
266	0.000100
267	0.000100
268	0.000100
269	0.000100
270	0.000100
271	0.000100
272	0.000100
273	0.000100
274	0.000100
275	0.000100
276	0.000100
277	0.000100
278	0.000100
279	0.000100
280	0.000100
281	0.000100
282	0.000100
283	0.000100
284	0.000100
285	0.000100
286	0.000100
287	0.000100
288	0.000100
289	0.000100
290	0.000100
291	0.000100
292	0.000100
293	0.000100
294	0.000100
295	0.000100
296	0.000100
297	0.000100
298	0.000100
299	0.000100
300	0.000100
301	0.000100
302	0.000100
303	0.000100
304	0.000100
305	0.000100
306	0.000100
307	0.000100
308	0.000100
309	0.000100
310	0.000100
311	0.000100
312	0.000100
313	0.000100
314	0.000100
315	0.000100
316	0.000100
317	0.000100
318	0.000100
319	0.000100
320	0.000100
321	0.000100
322	0.000100
323	0.000100
324	0.000100
325	0.000100
326	0.000100
327	0.000100
328	0.000100
329	0.000100
330	0.000100
331	0.000100
332	0.000100
333	0.000100
334	0.000100
335	0.000100
336	0.000100
337	0.000100
338	0.000100
339	0.000100
340	0.000100
341	0.000100
342	0.000100
343	0.000100
344	0.000100
345	0.000100
346	0.000100
347	0.000100
348	0.000100
349	0.000100
350	0.000100
351	0.000100
352	0.000100
353	0.000100
354	0.000100
355	0.000100
356	0.000100
357	0.000100
358	0.000100
359	0.000100
360	0.000100
361	0.000100
362	0.000100
363	0.000100
364	0.000100
365	0.000100
366	0.000100
367	0.000100
368	0.000100
369	0.000100
370	0.000100
371	0.000100
372	0.000100
373	0.000100
374	0.000100
375	0.000100
376	0.000100
377	0.000100
378	0.000100
379	0.000100
380	0.000100
381	0.000100
382	0.000100
383	0.000100
384	0.000100
385	0.000100
386	0.000100
387	0.000100
388	0.000100
389	0.000100
390	0.000100
391	0.000100
392	0.000100
393	0.000100
394	0.000100
395	0.000100
396	0.000100
397	0.000100
398	0.000100
399	0.000100
400	0.000100
401	0.000100
402	0.000100
403	0.000100
404	0.000100
405	0.000100
406	0.000100
407	0.000100
408	0.000100
409	0.000100
410	0.000100
411	0.000100
412	0.000100
413	0.000100
414	0.000100
415	0.000100
416	0.000100
417	0.000100
418	0.000100
419	0.000100
420	0.000100
421	0.000100
422	0.000100
423	0.000100
424	0.000100
425	0.000100
426	0.000100
427	0.000100
428	0.000100
429	0.000100
430	0.000100
431	0.000100
432	0.000100
433	0.000100
434	0.000100
435	0.000100
436	0.000100
437	0.000100
438	0.000100
439	0.000100
440	0.000100
441	0.000100
442	0.000100
443	0.000100
444	0.000100
445	0.000100
446	0.000100
447	0.000100
448	0.000100
449	0.000100
450	0.000100
451	0.000100
452	0.000100
453	0.000100
454	0.000100
455	0.000100
456	0.000100
457	0.000100
458	0.000100
459	0.000100
460	0.000100
461	0.000100
462	0.000100
463	0.000100
464	0.000100
465	0.000100
466	0.000100
467	0.000100
468	0.000100
469	0.000100
470	0.000100
471	0.000100
472	0.000100
473	0.000100
474	0.000100
475	0.000100
476	0.000100
477	0.000100
478	0.000100
479	0.000100
480	0.000100
481	0.000100
482	0.000100
483	0.000100
484	0.000100
485	0.000100
486	0.000100
487	0.000100
488	0.000100
489	0.000100
490	0.000100
491	0.000100
492	0.000100
493	0.000100
494	0.000100
495	0.000100
496	0.000100
497	0.000100
498	0.000100
499	0.000100
500	0.000100
501	0.000100
502	0.000100
503	0.000100
504	0.000100
505	0.000100
506	0.000100
507	0.000100
508	0.000100
509	0.000100
510	0.000100
511	0.000100
512	0.000100
513	0.000100
514	0.000100
515	0.000100
516	0.000100
517	0.000100
518	0.000100
519	0.000100
520	0.000100
521	0.000100
522	0.000100
523	0.000100
524	0.000100
525	0.000100
526	0.000100
527	0.000100
528	0.000100
529	0.000100
530	0.000100
531	0.000100
532	0.000100
533	0.000100
534	0.000100
535	0.000100
536	0.000100
537	0.000100
538	0.000100
539	0.000100
540	0.000100
541	0.000100
542	0.000100
543	0.000100
544	0.000100
545	0.000100
546	0.000100
547	0.000100
548	0.000100
549	0.000100
550	0.000100
551	0.000100
552	0.000100
553	0.000100
554	0.000100
555	0.000100
556	0.000100
557	0.000100
558	0.000100
559	0.000100
560	0.000100
561	0.000100
562	0.000100
563	0.000100
564	0.000100
565	0.000100
566	0.000100
567	0.000100
568	0.000100
569	0.000100
570	0.000100
571	0.000100
572	0.000100
573	0.000100
574	0.000100
575	0.000100
576	0.000100
577	0.000100
578	0.000100
579	0.000100
580	0.000100
581	0.000100
582	0.000100
583	0.000100
584	0.000100
585	0.000100
586	0.000100
587	0.000100
588	0.000100
589	0.000100
590	0.000100
591	0.000100
592	0.000100
593	0.000100
594	0.000100
595	0.000100
596	0.000100
597	0.000100
598	0.000100
599	0.000100
600	0.000100
601	0.000100
602	0.000100
603	0.000100
604	0.000100
605	0.000100
606	0.000100
607	0.000100
608	0.000100
609	0.000100
610	0.000100
611	0.000100
612	0.000100
613	0.000100
614	0.000100
615	0.000100
616	0.000100
617	0.000100
618	0.000100
619	0.000100
620	0.000100
621	0.000100
622	0.000100
623	0.000100
624	0.000100
625	0.000100
626	0.000100
627	0.000100
628	0.000100
629	0.000100
630	0.000100
631	0.000100
632	0.000100
633	0.000100
634	0.000100
635	0.000100
636	0.000100
637	0.000100
638	0.000100
639	0.000100
640	0.000100
641	0.000100
642	0.000100
643	0.000100
644	0.000100
645	0.000100
646	0.000100
647	0.000100
648	0.000100
649	0.000100
650	0.000100
651	0.000100
652	0.000100
653	0.000100
654	0.000100
655	0.000100
656	0.000100
657	0.000100
658	0.000100
659	0.000100
660	0.000100
661	0.000100
662	0.000100
663	0.000100
664	0.000100
665	0.000100
666	0.000100
667	0.000100
668	0.000100
669	0.000100
670	0.000100
671	0.000100
672	0.000100
673	0.000100
674	0.000100
675	0.000100
676	0.000100
677	0.000100
678	0.000100
679	0.000100
680	0.000100
681	0.000100
682	0.000100
683	0.000100
684	0.000100
685	0.000100
686	0.000100
687	0.000100
688	0.000100
689	0.000100
690	0.000100
691	0.000100
692	0.000100
693	0.000100
694	0.000100
695	0.000100
696	0.000100
697	0.000100
698	0.000100
699	0.000100
700	0.000100
701	0.000100
702	0.000100
703	0.000100
704	0.000100
705	0.000100
706	0.000100
707	0.000100
708	0.000100
709	0.000100
710	0.000100
711	0.000100
712	0.000100
713	0.000100
714	0.000100
715	0.000100
716	0.000100
717	0.000100
718	0.000100
719	0.000100
720	0.000100
721	0.000100
722	0.000100
723	0.000100
724	0.000100
725	0.000100
726	0.000100
727	0.000100
728	0.000100
729	0.000100
730	0.000100
731	0.000100
732	0.000100
733	0.000100
734	0.000100
735	0.000100
736	0.000100
737	0.000100
738	0.000100
739	0.000100
740	0.000100
741	0.000100
742	0.000100
743	0.000100
744	0.000100
745	0.000100
746	0.000100
747	0.000100
748	0.000100
749	0.000100
750	0.000100
751	0.000100
752	0.000100
753	0.000100
754	0.000100
755	0.000100
756	0.000100
757	0.000100
758	0.000100
759	0.000100
760	0.000100
761	0.000100
762	0.000100
763	0.000100
764	0.000100
765	0.000100
766	0.000100
767	0.000100
768	0.000100
769	0.000100
770	0.000100
771	0.000100
772	0.000100
773	0.000100
774	0.000100
775	0.000100
776	0.000100
777	0.000100
778	0.000100
779	0.000100
780	0.000100
781	0.000100
782	0.000100
783	0.000100
784	0.000100
785	0.000100
786	0.000100
787	0.000100
788	0.000100
789	0.000100
790	0.000100
791	0.000100
792	0.000100
793	0.000100
794	0.000100
795	0.000100
796	0.000100
797	0.000100
798	0.000100
799	0.000100
800	0.000100
801	0.000100
802	0.000100
803	0.000100
804	0.000100
805	0.000100
806	0.000100
807	0.000100
808	0.000100
809	0.000100
810	0.000100
811	0.000100
812	0.000100
813	0.000100
814	0.000100
815	0.000100
816	0.000100
817	0.000100
818	0.000100
819	0.000100
820	0.000100
821	0.000100
822	0.000100
823	0.000100
824	0.000100
825	0.000100
826	0.000100
827	0.000100
828	0.000100
829	0.000100
830	0.000100
831	0.000100
832	0.000100
833	0.000100
834	0.000100
835	0.000100
836	0.000100
837	0.000100
838	0.000100
839	0.000100
840	0.000100
841	0.000100
842	0.000100
843	0.000100
844	0.000100
845	0.000100
846	0.000100
847	0.000100
848	0.000100
849	0.000100
850	0.000100
851	0.000100
852	0.000100
853	0.000100
854	0.000100
855	0.000100
856	0.000100
857	0.000100
858	0.000100
859	0.000100
860	0.000100
861	0.000100
862	0.000100
863	0.000100
864	0.000100
865	0.000100
866	0.000100
867	0.000100
868	0.000100
869	0.000100
870	0.000100
871	0.000100
872	0.000100
873	0.000100
874	0.000100
875	0.000100
876	0.000100
877	0.000100
878	0.000100
879	0.000100
880	0.000100
881	0.000100
882	0.000100
883	0.000100
884	0.000100
885	0.000100
886	0.000100
887	0.000100
888	0.000100
889	0.000100
890	0.000100
891	0.000100
892	0.000100
893	0.000100
894	0.000100
895	0.000100
896	0.000100
897	0.000100
898	0.000100
899	0.000100
900	0.000100
901	0.000100
902	0.000100
903	0.000100
904	0.000100
905	0.000100
906	0.000100
907	0.000100
908	0.000100
909	0.000100
910	0.000100
911	0.000100
912	0.000100
913	0.000100
914	0.000100
915	0.000100
916	0.000100
917	0.000100
918	0.000100
919	0.000100
920	0.000100
921	0.000100
922	0.000100
923	0.000100
924	0.000100
925	0.000100
926	0.000100
927	0.000100
928	0.000100
929	0.000100
930	0.000100
931	0.000100
932	0.000100
933	0.000100
934	0.000100
935	0.000100
936	0.000100
937	0.000100
938	0.000100
939	0.000100
940	0.000100
941	0.000100
942	0.000100
943	0.000100
944	0.000100
945	0.000100
946	0.000100
947	0.000100
948	0.000100
949	0.000100
950	0.000100
951	0.000100
952	0.000100
953	0.000100
954	0.000100
955	0.000100
956	0.000100
957	0.000100
958	0.000100
959	0.000100
960	0.000100
961	0.000100
962	0.000100
963	0.000100
964	0.000100
965	0.000100
966	0.000100
967	0.000100
968	0.000100
969	0.000100
970	0.000100
971	0.000100
972	0.000100
973	0.000100
974	0.000100
975	0.000100
976	0.000100
977	0.000100
978	0.000100
979	0.000100
980	0.000100
981	0.000100
982	0.000100
983	0.000100
984	0.000100
985	0.000100
986	0.000100
987	0.000100
988	0.000100
989	0.000100
990	0.000100
991	0.000100
992	0.000100
993	0.000100
994	0.000100
995	0.000100
996	0.000100
997	0.000100
998	0.000100
999	0.000100
1000	0.000100
1001	0.000100
1002	0.000100
1003	0.000100
1004	0.000100
1005	0.000100
1006	0.000100
1007	0.000100
1008	0.000100
1009	0.000100
1010	0.000100
1011	0.000100
1012	0.000100
1013	0.000100
1014	0.000100
1015	0.000100
1016	0.000100
1017	0.000100
1018	0.000100
1019	0.000100
1020	0.000100
1021	0.000100
1022	0.000100
1023	0.000100
1024	0.000100
1025	0.000100
1026	0.000100
1027	0.000100
1028	0.000100
1029	0.000100
1030	0.000100
1031	0.000100
1032	0.000100
1033	0.000100
1034	0.000100
1035	0.000100
1036	0.000100
1037	0.000100
1038	0.000100
1039	0.000100
1040	0.000100
1041	0.000100
1042	0.000100
1043	0.000100
1044	0.000100
1045	0.000100
1046	0.000100
1047	0.000100
1048	0.000100
1049	0.000100
1050	0.000100
1051	0.000100
1052	0.000100
1053	0.000100
1054	0.000100
1055	0.000100
1056	0.000100
1057	0.000100
1058	0.000100
1059	0.000100
1060	0.000100
1061	0.000100
1062	0.000100
1063	0.000100
1064	0.000100
1065	0.000100
1066	0.000100
1067	0.000100
1068	0.000100
1069	0.000100
1070	0.000100
1071	0.000100
1072	0.000100
1073	0.000100
1074	0.000100
1075	0.000100
1076	0.000100
1077	0.000100
1078	0.000100
1079	0.000100
1080	0.000100
1081	0.000100
1082	0.000100
1083	0.000100
1084	0.000100
1085	0.000100
1086	0.000100
1087	0.000100
1088	0.000100
1089	0.000100
1090	0.000100
1091	0.000100
1092	0.000100
1093	0.000100
1094	0.000100
1095	0.000100
1096	0.000100
1097	0.000100
1098	0.000100
1099	0.000100
1100	0.000100
1101	0.000100
1102	0.000100
1103	0.000100
1104	0.000100
1105	0.000100
1106	0.000100
1107	0.000100
1108	0.000100
1109	0.000100
1110	0.000100
1111	0.000100
1112	0.000100
1113	0.000100
1114	0.000100
1115	0.000100
1116	0.000100
1117	0.000100
1118	0.000100
1119	0.000100
1120	0.000100
1121	0.000100
1122	0.000100
1123	0.000100
1124	0.000100
1125	0.000100
1126	0.000100
1127	0.000100
1128	0.000100
1129	0.000100
1130	0.000100
1131	0.000100
1132	0.000100
1133	0.000100
1134	0.000100
1135	0.000100
1136	0.000100
1137	0.000100
1138	0.000100
1139	0.000100
1140	0.000100
1141	0.000100
1142	0.000100
1143	0.000100
1144	0.000100
1145	0.000100
1146	0.000100
1147	0.000100
1148	0.000100
1149	0.000100
1150	0.000100
1151	0.000100
1152	0.000100
1153	0.000100
1154	0.000100
1155	0.000100
1156	0.000100
1157	0.000100
1158	0.000100
1159	0.000100
1160	0.000100
1161	0.000100
1162	0.000100
1163	0.000100
1164	0.000100
1165	0.000100
1166	0.000100
1167	0.000100
1168	0.000100
1169	0.000100
1170	0.000100
1171	0.000100
1172	0.000100
1173	0.000100
1174	0.000100
1175	0.000100
1176	0.000100
1177	0.000100
1178	0.000100
1179	0.000100
1180	0.000100
1181	0.000100
1182	0.000100
1183	0.000100
1184	0.000100
1185	0.000100
1186	0.000100
1187	0.000100
1188	0.000100
1189	0.000100
1190	0.000100
1191	0.000100
1192	0.000100
1193	0.000100
1194	0.000100
1195	0.000100
1196	0.000100
1197	0.000100
1198	0.000100
1199	0.000100
1200	0.000100
1201	0.000100
1202	0.000100
1203	0.000100
1204	0.000100
1205	0.000100
1206	0.000100
1207	0.000100
1208	0.000100
1209	0.000100
1210	0.000100
1211	0.000100
1212	0.000100
1213	0.000100
1214	0.000100
1215	0.000100
1216	0.000100
1217	0.000100
1218	0.000100
1219	0.000100
1220	0.000100
1221	0.000100
1222	0.000100
1223	0.000100
1224	0.000100
1225	0.000100
1226	0.000100
1227	0.000100
1228	0.000100
1229	0.000100
1230	0.000100
1231	0.000100
1232	0.000100
1233	0.000100
1234	0.000100
1235	0.000100
1236	0.000100
1237	0.000100
1238	0.000100
1239	0.000100
1240	0.000100
1241	0.000100
1242	0.000100
1243	0.000100
1244	0.000100
1245	0.000100
1246	0.000100
1247	0.000100
1248	0.000100
1249	0.000100
1250	0.000100
1251	0.000100
1252	0.000100
1253	0.000100
1254	0.000100
1255	0.000100
1256	0.000100
1257	0.000100
1258	0.000100
1259	0.000100
1260	0.000100
1261	0.000100
1262	0.000100
1263	0.000100
1264	0.000100
1265	0.000100
1266	0.000100
1267	0.000100
1268	0.000100
1269	0.000100
1270	0.000100
1271	0.000100
1272	0.000100
1273	0.000100
1274	0.000100
1275	0.000100
1276	0.000100
1277	0.000100
1278	0.000100
1279	0.000100
1280	0.000100
1281	0.000100
1282	0.000100
1283	0.000100
1284	0.000100
1285	0.000100
1286	0.000100
1287	0.000100
1288	0.000100
1289	0.000100
1290	0.000100
1291	0.000100
1292	0.000100
1293	0.000100
1294	0.000100
1295	0.000100
1296	0.000100
1297	0.000100
1298	0.000100
1299	0.000100
1300	0.000100
1301	0.000100
1302	0.000100
1303	0.000100
1304	0.000100
1305	0.000100
1306	0.000100
1307	0.000100
1308	0.000100
1309	0.000100
1310	0.000100
1311	0.000100
1312	0.000100
1313	0.000100
1314	0.000100
1315	0.000100
1316	0.000100
1317	0.000100
1318	0.000100
1319	0.000100
1320	0.000100
1321	0.000100
1322	0.000100
1323	0.000100
1324	0.000100
1325	0.000100
1326	0.000100
1327	0.000100
1328	0.000100
1329	0.000100
1330	0.000100
1331	0.000100
1332	0.000100
1333	0.000100
1334	0.000100
1335	0.000100
1336	0.000100
1337	0.000100
1338	0.000100
1339	0.000100
1340	0.000100
1341	0.000100
1342	0.000100
1343	0.000100
1344	0.000100
1345	0.000100
1346	0.000100
1347	0.000100
1348	0.000100
1349	0.000100
1350	0.000100
1351	0.000100
1352	0.000100
1353	0.000100
1354	0.000100
1355	0.000100
1356	0.000100
1357	0.000100
1358	0.000100
1359	0.000100
1360	0.000100
1361	0.000100
1362	0.000100
1363	0.000100
1364	0.000100
1365	0.000100
1366	0.000100
1367	0.000100
1368	0.000100
1369	0.000100
1370	0.000100
1371	0.000100
1372	0.000100
1373	0.000100
1374	0.000100
1375	0.000100
1376	0.000100
1377	0.000100
1378	0.000100
1379	0.000100
1380	0.000100
1381	0.000100
1382	0.000100
1383	0.000100
1384	0.000100
1385	0.000100
1386	0.000100
1387	0.000100
1388	0.000100
1389	0.000100
1390	0.000100
1391	0.000100
1392	0.000100
1393	0.000100
1394	0.000100
1395	0.000100
1396	0.000100
1397	0.000100
1398	0.000100
1399	0.000100
1400	0.000100
1401	0.000100
1402	0.000100
1403	0.000100
1404	0.000100
1405	0.000100
1406	0.000100
1407	0.000100
1408	0.000100
1409	0.000100
1410	0.000100
1411	0.000100
1412	0.000100
1413	0.000100
1414	0.000100
1415	0.000100
1416	0.000100
1417	0.000100
1418	0.000100
1419	0.000100
1420	0.000100
1421	0.000100
1422	0.000100
1423	0.000100
1424	0.000100
1425	0.000100
1426	0.000100
1427	0.000100
1428	0.000100
1429	0.000100
1430	0.000100
1431	0.000100
1432	0.000100
1433	0.000100
1434	0.000100
1435	0.000100
1436	0.000100
1437	0.000100
1438	0.000100
1439	0.000100
1440	0.000100
1441	0.000100
1442	0.000100
1443	0.000100
1444	0.000100
1445	0.000100
1446	0.000100
1447	0.000100
1448	0.000100
1449	0.000100
1450	0.000100
1451	0.000100
1452	0.000100
1453	0.000100
1454	0.000100
1455	0.000100
1456	0.000100
1457	0.000100
1458	0.000100
1459	0.000100
1460	0.000100
1461	0.000100
1462	0.000100
1463	0.000100
1464	0.000100
1465	0.000100
1466	0.000100
1467	0.000100
1468	0.000100
1469	0.000100
1470	0.000100
1471	0.000100
1472	0.000100
1473	0.000100
1474	0.000100
1475	0.000100
1476	0.000100
1477	0.000100
1478	0.000100
1479	0.000100
1480	0.000100
1481	0.000100
1482	0.000100
1483	0.000100
1484	0.000100
1485	0.000100
1486	0.000100
1487	0.000100
1488	0.000100
1489	0.000100
1490	0.000100
1491	0.000100
1492	0.000100
1493	0.000100
1494	0.000100
1495	0.000100
1496	0.000100
1497	0.000100
1498	0.000100
1499	0.000100
1500	0.000100
1501	0.000100
1502	0.000100
1503	0.000100
1504	0.000100
1505	0.000100
1506	0.000100
1507	0.000100
1508	0.000100
1509	0.000100
1510	0.000100
1511	0.000100
1512	0.000100
1513	0.000100
1514	0.000100
1515	0.000100
1516	0.000100
1517	0.000100
1518	0.000100
1519	0.000100
1520	0.000100
1521	0.000100
1522	0.000100
1523	0.000100
1524	0.000100
1525	0.000100
1526	0.000100
1527	0.000100
1528	0.000100
1529	0.000100
1530	0.000100
1531	0.000100
1532	0.000100
1533	0.000100
1534	0.000100
1535	0.000100
1536	0.000100
1537	0.000100
1538	0.000100
1539	0.000100
1540	0.000100
1541	0.000100
1542	0.000100
1543	0.000100
1544	0.000100
1545	0.000100
1546	0.000100
1547	0.000100
1548	0.000100
1549	0.000100
1550	0.000100
1551	0.000100
1552	0.000100
1553	0.000100
1554	0.000100
1555	0.000100
1556	0.000100
1557	0.000100
1558	0.000100
1559	0.000100
1560	0.000100
1561	0.000100
1562	0.000100
1563	0.000100
1564	0.000100
1565	0.000100
1566	0.000100
1567	0.000100
1568	0.000100
1569	0.000100
1570	0.000100
1571	0.000100
1572	0.000100
1573	0.000100
1574	0.000100
1575	0.000100
1576	0.000100
1577	0.000100
1578	0.000100
1579	0.000100
1580	0.000100
1581	0.000100
1582	0.000100
1583	0.000100
1584	0.000100
1585	0.000100
1586	0.000100
1587	0.000100
1588	0.000100
1589	0.000100
1590	0.000100
1591	0.000100
1592	0.000100
1593	0.000100
1594	0.000100
1595	0.000100
1596	0.000100
1597	0.000100
1598	0.000100
1599	0.000100
1600	0.000100
1601	0.000100
1602	0.000100
1603	0.000100
1604	0.000100
1605	0.000100
1606	0.000100
1607	0.000100
1608	0.000100
1609	0.000100
1610	0.000100
1611	0.000100
1612	0.000100
1613	0.000100
1614	0.000100
1615	0.000100
1616	0.000100
1617	0.000100
1618	0.000100
1619	0.000100
1620	0.000100
1621	0.000100
1622	0.000100
1623	0.000100
1624	0.000100
1625	0.000100
1626	0.000100
1627	0.000100
1628	0.000100
1629	0.000100
1630	0.000100
1631	0.000100
1632	0.000100
1633	0.000100
1634	0.000100
1635	0.000100
1636	0.000100
1637	0.000100
1638	0.000100
1639	0.000100
1640	0.000100
1641	0.000100
1642	0.000100
1643	0.000100
1644	0.000100
1645	0.000100
1646	0.000100
1647	0.000100
1648	0.000100
1649	0.000100
1650	0.000100
1651	0.000100
1652	0.000100
1653	0.000100
1654	0.000100
1655	0.000100
1656	0.000100
1657	0.000100
1658	0.000100
1659	0.000100
1660	0.000100
1661	0.000100
1662	0.000100
1663	0.000100
1664	0.000100
1665	0.000100
1666	0.000100
1667	0.000100
1668	0.000100
1669	0.000100
1670	0.000100
1671	0.000100
1672	0.000100
1673	0.000100
1674	0.000100
1675	0.000100
1676	0.000100
1677	0.000100
1678	0.000100
1679	0.000100
1680	0.000100
1681	0.000100
1682	0.000100
1683	0.000100
1684	0.000100
1685	0.000100
1686	0.000100
1687	0.000100
1688	0.000100
1689	0.000335
1690	0.000335
1691	0.000335
1692	0.000335
1693	0.000335
1694	0.000335
1695	0.000335
1696	0.000000
1697	0.000000
1698	0.000000
1699	0.000000
1700	0.000000
1701	0.000000
1702	0.000000
1703	0.000100
1704	0.000100
1705	0.000100
1706	0.000100
1707	0.000100
1708	0.000100
1709	0.000100
1710	0.000100
1711	0.000100
1712	0.000100
1713	0.000100
1714	0.000100
1715	0.000100
1716	0.000100
1717	0.000100
1718	0.000100
1719	0.000100
1720	0.000100
1721	0.000100
1722	0.000100
1723	0.000100
1724	0.000100
1725	0.000100
1726	0.000100
1727	0.000100
1728	0.000100
1729	0.000100
1730	0.000100
1731	0.000100
1732	0.000100
1733	0.000100
1734	0.000100
1735	0.000100
1736	0.000100
1737	0.000100
1738	0.000100
1739	0.000100
1740	0.000100
1741	0.000100
1742	0.000100
1743	0.000100
1744	0.000100
1745	0.000100
1746	0.000100
1747	0.000100
1748	0.000100
1749	0.000100
1750	0.000100
1751	0.000100
1752	0.000100
1753	0.000100
1754	0.000100
1755	0.000100
1756	0.000100
1757	0.000100
1758	0.000335
1759	0.000335
1760	0.000335
1761	1.000000
1762	0.000335
1763	0.000335
1764	0.000335
1765	0.000335
1766	0.000335
1767	0.000000
1768	0.000000
1769	0.000000
1770	0.000000
1771	0.000000
1772	0.000000
1773	0.000000
1774	0.000000
1775	0.000000
1776	0.000000
1777	0.000000
1778	0.000337
1779	0.000340
1780	0.000340
1781	0.000340
1782	0.000341
1783	0.000341
1784	0.000339
1785	0.000100
1786	0.000100
1787	0.000100
1788	0.000100
1789	0.000100
1790	0.000100
1791	0.000100
1792	0.000100
1793	0.000100
1794	0.000100
1795	0.000100
1796	0.000100
1797	0.000100
1798	0.000100
1799	0.000100
1800	0.000100
1801	0.000100
1802	0.000100
1803	0.000100
1804	0.000100
1805	0.000100
1806	0.000100
1807	0.000100
1808	0.000100
1809	0.000100
1810	0.000100
1811	0.000100
1812	0.000100
1813	0.000100
1814	0.000100
1815	0.000100
1816	0.000100
1817	0.000100
1818	0.000100
1819	0.000100
1820	0.000100
1821	0.000100
1822	0.000100
1823	0.000100
1824	0.000100
1825	0.000100
1826	0.000100
1827	0.000100
1828	0.000100
1829	0.000100
1830	0.000335
1831	0.000335
1832	0.000335
1833	0.000335
1834	0.000335
1835	0.000335
1836	0.000000
1837	0.000000
1838	0.000000
1839	0.000000
1840	0.000000
1841	0.000000
1842	0.000000
1843	0.000000
1844	0.000000
1845	0.000000
1846	0.000000
1847	0.000000
1848	0.000338
1849	0.000340
1850	0.000340
1851	0.000341
1852	0.000341
1853	0.000341
1854	0.000000
1855	0.000000
1856	0.000000
1857	0.000000
1858	0.000000
1859	0.000000
1860	0.000000
1861	0.000000
1862	0.000000
1863	0.000000
1864	0.000000
1865	0.000000
1866	0.000100
1867	0.000100
1868	0.000100
1869	0.000100
1870	0.000100
1871	0.000100
1872	0.000100
1873	0.000100
1874	0.000100
1875	0.000100
1876	0.000100
1877	0.000100
1878	0.000100
1879	0.000100
1880	0.000100
1881	0.000100
1882	0.000100
1883	0.000100
1884	0.000100
1885	0.000100
1886	0.000100
1887	0.000100
1888	0.000100
1889	0.000100
1890	0.000100
1891	0.000100
1892	0.000100
1893	0.000100
1894	0.000100
1895	0.000100
1896	0.000100
1897	0.000100
1898	0.000100
1899	0.000100
1900	0.000100
1901	0.000100
1902	0.000100
1903	0.000100
1904	0.000100
1905	0.000335
1906	0.000000
1907	0.000000
1908	0.000000
1909	0.000000
1910	0.000000
1911	0.000000
1912	0.000000
1913	0.000000
1914	0.000000
1915	0.000000
1916	0.000000
1917	0.000000
1918	0.000339
1919	0.000340
1920	0.000340
1921	0.000341
1922	0.000341
1923	0.000341
1924	0.000000
1925	0.000000
1926	0.000000
1927	0.000000
1928	0.000000
1929	0.000000
1930	0.000000
1931	0.000000
1932	0.000000
1933	0.000000
1934	0.000000
1935	0.000000
1936	0.000000
1937	0.000000
1938	0.000345
1939	0.000345
1940	0.000378
1941	0.000379
1942	0.000381
1943	0.000100
1944	0.000100
1945	0.000100
1946	0.000100
1947	0.000100
1948	0.000100
1949	0.000100
1950	0.000100
1951	0.000100
1952	0.000100
1953	0.000100
1954	0.000100
1955	0.000100
1956	0.000100
1957	0.000100
1958	0.000100
1959	0.000100
1960	0.000100
1961	0.000100
1962	0.000100
1963	0.000100
1964	0.000100
1965	0.000100
1966	0.000100
1967	0.000100
1968	0.000100
1969	0.000100
1970	0.000100
1971	0.000100
1972	0.000100
1973	0.000100
1974	0.000100
1975	0.000100
1976	0.000100
1977	0.000100
1978	0.000100
1979	0.000100
1980	0.000100
1981	0.000000
1982	0.000000
1983	0.000000
1984	0.000000
1985	0.000000
1986	0.000000
1987	0.000000
1988	0.000000
1989	0.000000
1990	0.000000
1991	0.000000
1992	0.000000
1993	0.000000
1994	0.000000
1995	0.000000
1996	0.000000
1997	0.000000
1998	0.000000
1999	0.000000
2000	0.000000
2001	0.000000
2002	0.000000
2003	0.000000
2004	0.000000
2005	0.000000
2006	0.000000
2007	0.000000
2008	0.000000
2009	0.000000
2010	0.000356
2011	0.000356
2012	0.000357
2013	0.000358
2014	0.000359
2015	0.000359
2016	0.000000
2017	0.000000
2018	0.000100
2019	0.000100
2020	0.000100
2021	0.000100
2022	0.000100
2023	0.000100
2024	0.000100
2025	0.000100
2026	0.000100
2027	0.000100
2028	0.000100
2029	0.000100
2030	0.000100
2031	0.000100
2032	0.000100
2033	0.000100
2034	0.000100
2035	0.000100
2036	0.000100
2037	0.000100
2038	0.000100
2039	0.000100
2040	0.000100
2041	0.000100
2042	0.000100
2043	0.000100
2044	0.000100
2045	0.000100
2046	0.000100
2047	0.000100
2048	0.000100
2049	0.000100
2050	0.000100
2051	0.000100
2052	0.000100
2053	0.000100
2054	0.000100
2055	0.000100
2056	0.000100
2057	0.000000
2058	0.000000
2059	0.000000
2060	0.000000
2061	0.000000
2062	0.000000
2063	0.000000
2064	0.000000
2065	0.000000
2066	0.000000
2067	0.000000
2068	0.000000
2069	0.000000
2070	0.000000
2071	0.000000
2072	0.000000
2073	0.000000
2074	0.000000
2075	0.000000
2076	0.000000
2077	0.000000
2078	0.000000
2079	0.000000
2080	0.000346
2081	0.000346
2082	0.000369
2083	0.000371
2084	0.000372
2085	0.000372
2086	0.000360
2087	0.000362
2088	0.000348
2089	0.000000
2090	0.000000
2091	0.000000
2092	0.000000
2093	0.000100
2094	0.000100
2095	0.000100
2096	0.000100
2097	0.000100
2098	0.000100
2099	0.000100
2100	0.000100
2101	0.000100
2102	0.000100
2103	0.000100
2104	0.000100
2105	0.000100
2106	0.000100
2107	0.000100
2108	0.000100
2109	0.000100
2110	0.000100
2111	0.000100
2112	0.000100
2113	0.000100
2114	0.000100
2115	0.000100
2116	0.000100
2117	0.000100
2118	0.000100
2119	0.000100
2120	0.000100
2121	0.000100
2122	0.000100
2123	0.000100
2124	0.000100
2125	0.000100
2126	0.000100
2127	0.000100
2128	0.000100
2129	0.000100
2130	0.000100
2131	0.000100
2132	0.000100
2133	0.000100
2134	0.000100
2135	0.000000
2136	0.000000
2137	0.000000
2138	0.000000
2139	0.000000
2140	0.000000
2141	0.000000
2142	0.000000
2143	0.000000
2144	0.000000
2145	0.000000
2146	0.000000
2147	0.000000
2148	0.000000
2149	0.000345
2150	0.000346
2151	0.000346
2152	0.000369
2153	0.000384
2154	0.000385
2155	0.000373
2156	0.000374
2157	0.000362
2158	0.000000
2159	0.000000
2160	0.000000
2161	0.000000
2162	0.000000
2163	0.000000
2164	0.000000
2165	0.000000
2166	0.000000
2167	0.000100
2168	0.000100
2169	0.000100
2170	0.000100
2171	0.000100
2172	0.000100
2173	0.000100
2174	0.000100
2175	0.000100
2176	0.000100
2177	0.000100
2178	0.000100
2179	0.000100
2180	0.000100
2181	0.000100
2182	0.000100
2183	0.000100
2184	0.000100
2185	0.000100
2186	0.000100
2187	0.000100
2188	0.000100
2189	0.000100
2190	0.000100
2191	0.000100
2192	0.000100
2193	0.000100
2194	0.000100
2195	0.000100
2196	0.000100
2197	0.000100
2198	0.000100
2199	0.000100
2200	0.000100
2201	0.000100
2202	0.000100
2203	0.000100
2204	0.000100
2205	0.000100
2206	0.000100
2207	0.000100
2208	0.000100
2209	0.000100
2210	0.000100
2211	0.000100
2212	0.000100
2213	0.000100
2214	0.000000
2215	0.000000
2216	0.000000
2217	0.000000
2218	0.000000
2219	0.000000
2220	0.000000
2221	0.000346
2222	0.000371
2223	0.000384
2224	0.000385
2225	0.000373
2226	0.000374
2227	0.000376
2228	0.000348
2229	0.000000
2230	0.000000
2231	0.000000
2232	0.000000
2233	0.000000
2234	0.000000
2235	0.000000
2236	0.000000
2237	0.000000
2238	0.000000
2239	0.000000
2240	0.000100
2241	0.000100
2242	0.000100
2243	0.000100
2244	0.000100
2245	0.000100
2246	0.000100
2247	0.000100
2248	0.000100
2249	0.000100
2250	0.000100
2251	0.000100
2252	0.000100
2253	0.000100
2254	0.000100
2255	0.000100
2256	0.000100
2257	0.000100
2258	0.000100
2259	0.000100
2260	0.000100
2261	0.000100
2262	0.000100
2263	0.000100
2264	0.000100
2265	0.000100
2266	0.000100
2267	0.000100
2268	0.000100
2269	0.000100
2270	0.000100
2271	0.000100
2272	0.000100
2273	0.000100
2274	0.000100
2275	0.000100
2276	0.000100
2277	0.000100
2278	0.000100
2279	0.000100
2280	0.000100
2281	0.000100
2282	0.000100
2283	0.000100
2284	0.000100
2285	0.000100
2286	0.000100
2287	0.000100
2288	0.000100
2289	0.000100
2290	0.000100
2291	0.000100
2292	0.000100
2293	0.000100
2294	0.000100
2295	0.000373
2296	0.000376
2297	0.000376
2298	0.000349
2299	0.000000
2300	0.000000
2301	0.000000
2302	0.000000
2303	0.000000
2304	0.000000
2305	0.000000
2306	0.000000
2307	0.000000
2308	0.000000
2309	0.000000
2310	0.000100
2311	0.000100
2312	0.000100
2313	0.000100
2314	0.000100
2315	0.000100
2316	0.000100
2317	0.000100
2318	0.000100
2319	0.000100
2320	0.000100
2321	0.000100
2322	0.000100
2323	0.000100
2324	0.000100
2325	0.000100
2326	0.000100
2327	0.000100
2328	0.000100
2329	0.000100
2330	0.000100
2331	0.000100
2332	0.000100
2333	0.000100
2334	0.000100
2335	0.000100
2336	0.000100
2337	0.000100
2338	0.000100
2339	0.000100
2340	0.000100
2341	0.000100
2342	0.000100
2343	0.000100
2344	0.000100
2345	0.000100
2346	0.000100
2347	0.000100
2348	0.000100
2349	0.000100
2350	0.000100
2351	0.000100
2352	0.000100
2353	0.000100
2354	0.000100
2355	0.000100
2356	0.000100
2357	0.000100
2358	0.000100
2359	0.000100
2360	0.000100
2361	0.000100
2362	0.000100
2363	0.000100
2364	0.000100
2365	0.000100
2366	0.000100
2367	0.000100
2368	0.000100
2369	0.000100
2370	0.000100
2371	0.000100
2372	0.000100
2373	0.000100
2374	0.000100
2375	0.000100
2376	0.000100
2377	0.000100
2378	0.000100
2379	0.000000
2380	0.000100
2381	0.000100
2382	0.000100
2383	0.000100
2384	0.000100
2385	0.000100
2386	0.000100
2387	0.000100
2388	0.000100
2389	0.000100
2390	0.000100
2391	0.000100
2392	0.000100
2393	0.000100
2394	0.000100
2395	0.000100
2396	0.000100
2397	0.000100
2398	0.000100
2399	0.000100
2400	0.000100
2401	0.000100
2402	0.000100
2403	0.000100
2404	0.000100
2405	0.000100
2406	0.000100
2407	0.000100
2408	0.000100
2409	0.000100
2410	0.000100
2411	0.000100
2412	0.000100
2413	0.000100
2414	0.000100
2415	0.000100
2416	0.000100
2417	0.000100
2418	0.000100
2419	0.000100
2420	0.000100
2421	0.000100
2422	0.000100
2423	0.000100
2424	0.000100
2425	0.000100
2426	0.000100
2427	0.000100
2428	0.000100
2429	0.000100
2430	0.000100
2431	0.000100
2432	0.000100
2433	0.000100
2434	0.000100
2435	0.000100
2436	0.000100
2437	0.000100
2438	0.000100
2439	0.000100
2440	0.000100
2441	0.000100
2442	0.000100
2443	0.000100
2444	0.000100
2445	0.000100
2446	0.000100
2447	0.000100
2448	0.000100
2449	0.000100
2450	0.000100
2451	0.000337
2452	0.000100
2453	0.000100
2454	0.000100
2455	0.000100
2456	0.000100
2457	0.000100
2458	0.000100
2459	0.000100
2460	0.000100
2461	0.000100
2462	0.000100
2463	0.000100
2464	0.000100
2465	0.000100
2466	0.000100
2467	0.000100
2468	0.000335
2469	0.000335
2470	0.000335
2471	0.000100
2472	0.000100
2473	0.000100
2474	0.000100
2475	0.000100
2476	0.000100
2477	0.000100
2478	0.000100
2479	0.000100
2480	0.000100
2481	0.000100
2482	0.000100
2483	0.000100
2484	0.000100
2485	0.000100
2486	0.000100
2487	0.000100
2488	0.000100
2489	0.000100
2490	0.000100
2491	0.000100
2492	0.000100
2493	0.000100
2494	0.000100
2495	0.000100
2496	0.000100
2497	0.000100
2498	0.000100
2499	0.000100
2500	0.000100
2501	0.000100
2502	0.000100
2503	0.000100
2504	0.000100
2505	0.000100
2506	0.000100
2507	0.000100
2508	0.000100
2509	0.000100
2510	0.000100
2511	0.000100
2512	0.000100
2513	0.000100
2514	0.000100
2515	0.000100
2516	0.000100
2517	0.000100
2518	0.000100
2519	0.000100
2520	0.000338
2521	0.000339
2522	0.000223
2523	0.000100
2524	0.000100
2525	0.000100
2526	0.000100
2527	0.000100
2528	0.000100
2529	0.000100
2530	0.000100
2531	0.000100
2532	0.000100
2533	0.000100
2534	0.000100
2535	0.000100
2536	0.000100
2537	0.000100
2538	0.000335
2539	0.000346
2540	0.000365
2541	0.000335
2542	0.000335
2543	0.000335
2544	0.000335
2545	0.000100
2546	0.000100
2547	0.000100
2548	0.000100
2549	0.000100
2550	0.000100
2551	0.000100
2552	0.000100
2553	0.000100
2554	0.000100
2555	0.000100
2556	0.000100
2557	0.000100
2558	0.000100
2559	0.000100
2560	0.000100
2561	0.000100
2562	0.000100
2563	0.000100
2564	0.000100
2565	0.000100
2566	0.000100
2567	0.000100
2568	0.000100
2569	0.000100
2570	0.000100
2571	0.000100
2572	0.000100
2573	0.000100
2574	0.000100
2575	0.000100
2576	0.000100
2577	0.000100
2578	0.000100
2579	0.000100
2580	0.000100
2581	0.000100
2582	0.000100
2583	0.000100
2584	0.000100
2585	0.000100
2586	0.000100
2587	0.000100
2588	0.000100
2589	0.000100
2590	0.000339
2591	0.000247
2592	0.000339
2593	0.000359
2594	0.000000
2595	0.000100
2596	0.000100
2597	0.000100
2598	0.000100
2599	0.000100
2600	0.000100
2601	0.000100
2602	0.000100
2603	0.000100
2604	0.000100
2605	0.000100
2606	0.000100
2607	0.000100
2608	0.000100
2609	0.000100
2610	0.000365
2611	0.000367
2612	0.000369
2613	1.000000
2614	0.000335
2615	0.000335
2616	0.000335
2617	0.000000
2618	0.000100
2619	0.000100
2620	0.000100
2621	0.000100
2622	0.000100
2623	0.000100
2624	0.000100
2625	0.000100
2626	0.000100
2627	0.000100
2628	0.000100
2629	0.000100
2630	0.000100
2631	0.000100
2632	0.000100
2633	0.000100
2634	0.000100
2635	0.000100
2636	0.000100
2637	0.000100
2638	0.000100
2639	0.000100
2640	0.000100
2641	0.000100
2642	0.000100
2643	0.000100
2644	0.000100
2645	0.000100
2646	0.000100
2647	0.000100
2648	0.000100
2649	0.000100
2650	0.000100
2651	0.000100
2652	0.000100
2653	0.000100
2654	0.000100
2655	0.000100
2656	0.000100
2657	0.000100
2658	0.000100
2659	0.000100
2660	0.000339
2661	0.000336
2662	0.000341
2663	0.000437
2664	0.000452
2665	0.000360
2666	0.000100
2667	0.000100
2668	0.000100
2669	0.000100
2670	0.000100
2671	0.000100
2672	0.000100
2673	0.000100
2674	0.000100
2675	0.000100
2676	0.000100
2677	0.000100
2678	0.000100
2679	0.000100
2680	0.000100
2681	0.000100
2682	0.000369
2683	0.000371
2684	0.000372
2685	0.000335
2686	0.000335
2687	0.000000
2688	0.000000
2689	0.000000
2690	0.000000
2691	0.000100
2692	0.000100
2693	0.000100
2694	0.000100
2695	0.000100
2696	0.000100
2697	0.000100
2698	0.000100
2699	0.000100
2700	0.000100
2701	0.000100
2702	0.000100
2703	0.000100
2704	0.000100
2705	0.000100
2706	0.000100
2707	0.000100
2708	0.000100
2709	0.000100
2710	0.000100
2711	0.000100
2712	0.000100
2713	0.000100
2714	0.000100
2715	0.000100
2716	0.000100
2717	0.000100
2718	0.000100
2719	0.000100
2720	0.000100
2721	0.000100
2722	0.000100
2723	0.000100
2724	0.000100
2725	0.000100
2726	0.000100
2727	0.000100
2728	0.000100
2729	0.000100
2730	0.000036
2731	0.000339
2732	0.000345
2733	0.000503
2734	0.000886
2735	0.000934
2736	0.000916
2737	0.000100
2738	0.000100
2739	0.000100
2740	0.000100
2741	0.000100
2742	0.000100
2743	0.000100
2744	0.000100
2745	0.000100
2746	0.000100
2747	0.000100
2748	0.000100
2749	0.000100
2750	0.000100
2751	0.000100
2752	0.000100
2753	0.000371
2754	0.000372
2755	0.000335
2756	0.000000
2757	0.000000
2758	0.000000
2759	0.000000
2760	0.000000
2761	0.000000
2762	0.000000
2763	0.000000
2764	0.000100
2765	0.000100
2766	0.000100
2767	0.000100
2768	0.000100
2769	0.000100
2770	0.000100
2771	0.000100
2772	0.000100
2773	0.000100
2774	0.000100
2775	0.000100
2776	0.000100
2777	0.000100
2778	0.000100
2779	0.000100
2780	0.000100
2781	0.000100
2782	0.000100
2783	0.000100
2784	0.000100
2785	0.000100
2786	0.000100
2787	0.000100
2788	0.000100
2789	0.000100
2790	0.000100
2791	0.000100
2792	0.000100
2793	0.000100
2794	0.000100
2795	0.000100
2796	0.000100
2797	0.000100
2798	0.000100
2799	0.000100
2800	0.000197
2801	0.000341
2802	0.000358
2803	0.000609
2804	0.001670
2805	0.002667
2806	0.003040
2807	0.002455
2808	0.001770
2809	0.000100
2810	0.000100
2811	0.000100
2812	0.000100
2813	0.000100
2814	0.000100
2815	0.000100
2816	0.000100
2817	0.000100
2818	0.000100
2819	0.000100
2820	0.000100
2821	0.000100
2822	0.000100
2823	0.000100
2824	0.000100
2825	0.000335
2826	0.000000
2827	0.000000
2828	0.000000
2829	0.000000
2830	0.000000
2831	0.000000
2832	0.000000
2833	0.000000
2834	0.000000
2835	0.000000
2836	0.000000
2837	0.000100
2838	0.000100
2839	0.000100
2840	0.000100
2841	0.000100
2842	0.000100
2843	0.000100
2844	0.000100
2845	0.000100
2846	0.000100
2847	0.000100
2848	0.000100
2849	0.000100
2850	0.000100
2851	0.000100
2852	0.000100
2853	0.000100
2854	0.000100
2855	0.000100
2856	0.000100
2857	0.000100
2858	0.000100
2859	0.000100
2860	0.000100
2861	0.000100
2862	0.000100
2863	0.000100
2864	0.000100
2865	0.000100
2866	0.000100
2867	0.000100
2868	0.000100
2869	0.000100
2870	0.000100
2871	0.000343
2872	0.000407
2873	0.000790
2874	0.002851
2875	0.005530
2876	0.009283
2877	0.007212
2878	0.004342
2879	0.001926
2880	0.000100
2881	0.000100
2882	0.000100
2883	0.000100
2884	0.000100
2885	0.000100
2886	0.000100
2887	0.000100
2888	0.000100
2889	0.000100
2890	0.000100
2891	0.000100
2892	0.000100
2893	0.000100
2894	0.000100
2895	0.000100
2896	0.000100
2897	0.000000
2898	0.000000
2899	0.000000
2900	0.000000
2901	0.000000
2902	0.000000
2903	0.000000
2904	0.000000
2905	0.000000
2906	0.000000
2907	0.000000
2908	0.000000
2909	0.000100
2910	0.000100
2911	0.000100
2912	0.000100
2913	0.000100
2914	0.000100
2915	0.000100
2916	0.000100
2917	0.000100
2918	0.000100
2919	0.000100
2920	0.000100
2921	0.000100
2922	0.000100
2923	0.000100
2924	0.000100
2925	0.000100
2926	0.000100
2927	0.000100
2928	0.000100
2929	0.000100
2930	0.000100
2931	0.000100
2932	0.000100
2933	0.000100
2934	0.000100
2935	0.000100
2936	0.000100
2937	0.000100
2938	0.000100
2939	0.000100
2940	0.000100
2941	0.000100
2942	0.000612
2943	0.001516
2944	0.005970
2945	0.011574
2946	0.020370
2947	0.019171
2948	0.010055
2949	0.004959
2950	0.002374
2951	0.000804
2952	0.000487
2953	0.000489
2954	0.000100
2955	0.000100
2956	0.000100
2957	0.000100
2958	0.000100
2959	0.000100
2960	0.000100
2961	0.000100
2962	0.000100
2963	0.000100
2964	0.000100
2965	0.000100
2966	0.000100
2967	0.000100
2968	0.000100
2969	0.000000
2970	0.000000
2971	0.000000
2972	0.000000
2973	0.000000
2974	0.000000
2975	0.000000
2976	0.000000
2977	0.000000
2978	0.000000
2979	0.000000
2980	0.000000
2981	0.000000
2982	0.000100
2983	0.000100
2984	0.000100
2985	0.000100
2986	0.000100
2987	0.000100
2988	0.000100
2989	0.000100
2990	0.000100
2991	0.000100
2992	0.000100
2993	0.000100
2994	0.000100
2995	0.000100
2996	0.000100
2997	0.000100
2998	0.000100
2999	0.000100
3000	0.000100
3001	0.000100
3002	0.000100
3003	0.000100
3004	0.000100
3005	0.000100
3006	0.000100
3007	0.000100
3008	0.000100
3009	0.000100
3010	0.000100
3011	0.000100
3012	0.000100
3013	0.006722
3014	0.015913
3015	0.034856
3016	0.050604
3017	0.039461
3018	0.018296
3019	0.009685
3020	0.004584
3021	0.001456
3022	0.000642
3023	1.000000
3024	0.000335
3025	0.000335
3026	0.000100
3027	0.000100
3028	0.000100
3029	0.000100
3030	0.000100
3031	0.000100
3032	0.000100
3033	0.000100
3034	0.000100
3035	0.000100
3036	0.000100
3037	0.000100
3038	0.000100
3039	0.000100
3040	0.000100
3041	0.000000
3042	0.000000
3043	0.000000
3044	0.000000
3045	0.000000
3046	0.000000
3047	0.000000
3048	0.000000
3049	0.000000
3050	0.000000
3051	0.000000
3052	0.000000
3053	0.000000
3054	0.000100
3055	0.000100
3056	0.000100
3057	0.000100
3058	0.000100
3059	0.000100
3060	0.000100
3061	0.000100
3062	0.000100
3063	0.000100
3064	0.000100
3065	0.000100
3066	0.000100
3067	0.000100
3068	0.000100
3069	0.000100
3070	0.000100
3071	0.000100
3072	0.000100
3073	0.000100
3074	0.000100
3075	0.000100
3076	0.000100
3077	0.000100
3078	0.000100
3079	0.000100
3080	0.000100
3081	0.000100
3082	0.000100
3083	0.000100
3084	0.081235
3085	0.089407
3086	0.615686
3087	0.078373
3088	0.020384
3089	0.008979
3090	0.003693
3091	0.001340
3092	0.000605
3093	0.000335
3094	0.000335
3095	0.000335
3096	0.000335
3097	0.000100
3098	0.000100
3099	0.000100
3100	0.000100
3101	0.000100
3102	0.000100
3103	0.000100
3104	0.000100
3105	0.000100
3106	0.000100
3107	0.000100
3108	0.000100
3109	0.000100
3110	0.000100
3111	0.000100
3112	0.000100
3113	0.000100
3114	0.000000
3115	0.000342
3116	0.000343
3117	0.000000
3118	0.000000
3119	0.000000
3120	0.000000
3121	0.000000
3122	0.000000
3123	0.000000
3124	0.000000
3125	0.000000
3126	0.000000
3127	0.000100
3128	0.000100
3129	0.000100
3130	0.000100
3131	0.000100
3132	0.000100
3133	0.000100
3134	0.000100
3135	0.000100
3136	0.000100
3137	0.000100
3138	0.000100
3139	0.000100
3140	0.000100
3141	0.000100
3142	0.000100
3143	0.000100
3144	0.000100
3145	0.000100
3146	0.000100
3147	0.000100
3148	0.000100
3149	0.000100
3150	0.000100
3151	0.000100
3152	0.000100
3153	0.000100
3154	0.000100
3155	0.121888
3156	0.537909
3157	0.598981
3158	0.033603
3159	0.005286
3160	0.002533
3161	0.001060
3162	0.000547
3163	0.000335
3164	0.000335
3165	0.000335
3166	0.000335
3167	0.000335
3168	0.000000
3169	0.000100
3170	0.000100
3171	0.000100
3172	0.000100
3173	0.000100
3174	0.000100
3175	0.000100
3176	0.000100
3177	0.000100
3178	0.000100
3179	0.000100
3180	0.000100
3181	0.000100
3182	0.000100
3183	0.000100
3184	0.000100
3185	0.000100
3186	0.000343
3187	0.000343
3188	0.000344
3189	0.000000
3190	0.000000
3191	0.000000
3192	0.000000
3193	0.000000
3194	0.000000
3195	0.000000
3196	0.000000
3197	0.000000
3198	0.000000
3199	0.000100
3200	0.000100
3201	0.000100
3202	0.000100
3203	0.000100
3204	0.000100
3205	0.000100
3206	0.000100
3207	0.000100
3208	0.000100
3209	0.000100
3210	0.000100
3211	0.000100
3212	0.000100
3213	0.000100
3214	0.000100
3215	0.000100
3216	0.000100
3217	0.000100
3218	0.000100
3219	0.000100
3220	0.000100
3221	0.000100
3222	0.000100
3223	0.000100
3224	0.000100
3225	0.000100
3226	0.125463
3227	0.064528
3228	0.044276
3229	0.005292
3230	0.001524
3231	0.000659
3232	0.000507
3233	0.000335
3234	0.000335
3235	0.000335
3236	0.000335
3237	0.000000
3238	0.000000
3239	0.000000
3240	0.000100
3241	0.000100
3242	0.000100
3243	0.000100
3244	0.000100
3245	0.000100
3246	0.000100
3247	0.000100
3248	0.000100
3249	0.000100
3250	0.000100
3251	0.000100
3252	0.000100
3253	0.000100
3254	0.000100
3255	0.000100
3256	0.000100
3257	0.000100
3258	0.000000
3259	0.000000
3260	0.000000
3261	0.000000
3262	0.000000
3263	0.000000
3264	0.000000
3265	0.000000
3266	0.000000
3267	0.000000
3268	0.000000
3269	0.000000
3270	0.000000
3271	0.000000
3272	0.000100
3273	0.000100
3274	0.000100
3275	0.000100
3276	0.000100
3277	0.000100
3278	0.000100
3279	0.000100
3280	0.000100
3281	0.000100
3282	0.000100
3283	0.000100
3284	0.000100
3285	0.000100
3286	0.000100
3287	0.000100
3288	0.000100
3289	0.000100
3290	0.000100
3291	0.000100
3292	0.000100
3293	0.000100
3294	0.000100
3295	0.000100
3296	0.000100
3297	0.028249
3298	0.008517
3299	0.004455
3300	0.001331
3301	0.000479
3302	0.000340
3303	0.000335
3304	0.000335
3305	0.000335
3306	0.000335
3307	0.000000
3308	0.000000
3309	0.000000
3310	0.000000
3311	0.000000
3312	0.000100
3313	0.000100
3314	0.000100
3315	0.000100
3316	0.000100
3317	0.000100
3318	0.000100
3319	0.000100
3320	0.000100
3321	0.000100
3322	0.000100
3323	0.000100
3324	0.000100
3325	0.000100
3326	0.000100
3327	0.000100
3328	0.000100
3329	0.000100
3330	0.000100
3331	0.000000
3332	0.000000
3333	0.000000
3334	0.000000
3335	0.000000
3336	0.000000
3337	0.000000
3338	0.000000
3339	0.000000
3340	0.000000
3341	0.000000
3342	0.000000
3343	0.000000
3344	0.000000
3345	0.000100
3346	0.000100
3347	0.000100
3348	0.000100
3349	0.000100
3350	0.000100
3351	0.000100
3352	0.000100
3353	0.000100
3354	0.000100
3355	0.000100
3356	0.000100
3357	0.000100
3358	0.000100
3359	0.000100
3360	0.000100
3361	0.000100
3362	0.000100
3363	0.000100
3364	0.000100
3365	0.000100
3366	0.000100
3367	0.000100
3368	0.001748
3369	0.001113
3370	0.000916
3371	0.000425
3372	0.000335
3373	0.000335
3374	0.000335
3375	0.000335
3376	0.000335
3377	0.000000
3378	0.000000
3379	0.000000
3380	0.000000
3381	0.000000
3382	0.000000
3383	0.000100
3384	0.000100
3385	0.000100
3386	0.000100
3387	0.000100
3388	0.000100
3389	0.000100
3390	0.000100
3391	0.000100
3392	0.000100
3393	0.000100
3394	0.000100
3395	0.000100
3396	0.000100
3397	0.000100
3398	0.000100
3399	0.000100
3400	0.000100
3401	0.000100
3402	0.000100
3403	0.000000
3404	0.000000
3405	0.000000
3406	0.000000
3407	0.000000
3408	0.000000
3409	0.000000
3410	0.000000
3411	0.000000
3412	0.000000
3413	0.000000
3414	0.000000
3415	0.000000
3416	0.000000
3417	0.000100
3418	0.000100
3419	0.000100
3420	0.000100
3421	0.000100
3422	0.000100
3423	0.000100
3424	0.000100
3425	0.000100
3426	0.000100
3427	0.000100
3428	0.000100
3429	0.000100
3430	0.000100
3431	0.000100
3432	0.000100
3433	0.000100
3434	0.000100
3435	0.000100
3436	0.000100
3437	0.000100
3438	0.000100
3439	0.000394
3440	0.000401
3441	0.000360
3442	0.000046
3443	0.000046
3444	0.000317
3445	0.000000
3446	0.000000
3447	0.000000
3448	0.000000
3449	0.000000
3450	0.000000
3451	0.000000
3452	0.000000
3453	0.000000
3454	0.000000
3455	0.000100
3456	0.000100
3457	0.000100
3458	0.000100
3459	0.000100
3460	0.000100
3461	0.000100
3462	0.000100
3463	0.000100
3464	0.000100
3465	0.000100
3466	0.000100
3467	0.000100
3468	0.000100
3469	0.000100
3470	0.000100
3471	0.000100
3472	0.000100
3473	0.000100
3474	0.000100
3475	0.000000
3476	0.000000
3477	0.000000
3478	0.000000
3479	0.000000
3480	0.000000
3481	0.000000
3482	0.000000
3483	0.000000
3484	0.000000
3485	0.000000
3486	0.000000
3487	0.000000
3488	0.000000
3489	0.000000
3490	0.000100
3491	0.000100
3492	0.000100
3493	0.000100
3494	0.000100
3495	0.000100
3496	0.000100
3497	0.000100
3498	0.000100
3499	0.000100
3500	0.000100
3501	0.000100
3502	0.000100
3503	0.000100
3504	0.000100
3505	0.000100
3506	0.000100
3507	0.000100
3508	0.000100
3509	0.000100
3510	0.000340
3511	0.000339
3512	0.000000
3513	0.000000
3514	0.000000
3515	0.000000
3516	0.000000
3517	0.000000
3518	0.000000
3519	0.000000
3520	0.000000
3521	0.000000
3522	0.000000
3523	0.000000
3524	0.000000
3525	0.000000
3526	0.000100
3527	0.000100
3528	0.000100
3529	0.000100
3530	0.000100
3531	0.000100
3532	0.000100
3533	0.000100
3534	0.000100
3535	0.000100
3536	0.000100
3537	0.000100
3538	0.000100
3539	0.000100
3540	0.000100
3541	0.000100
3542	0.000100
3543	0.000100
3544	0.000100
3545	0.000100
3546	0.000100
3547	0.000100
3548	0.000000
3549	0.000000
3550	0.000000
3551	0.000000
3552	0.000000
3553	0.000000
3554	0.000000
3555	0.000000
3556	0.000000
3557	0.000000
3558	0.000000
3559	0.000000
3560	0.000000
3561	0.000000
3562	0.000100
3563	0.000100
3564	0.000100
3565	0.000100
3566	0.000100
3567	0.000100
3568	0.000100
3569	0.000100
3570	0.000100
3571	0.000100
3572	0.000100
3573	0.000100
3574	0.000100
3575	0.000100
3576	0.000100
3577	0.000100
3578	0.000100
3579	0.000100
3580	0.000100
3581	0.000000
3582	0.000000
3583	0.000000
3584	0.000000
3585	0.000000
3586	0.000000
3587	0.000000
3588	0.000000
3589	0.000000
3590	0.000000
3591	0.000000
3592	0.000000
3593	0.000000
3594	0.000000
3595	0.000000
3596	0.000000
3597	0.000000
3598	0.000100
3599	0.000100
3600	0.000100
3601	0.000100
3602	0.000100
3603	0.000100
3604	0.000100
3605	0.000100
3606	0.000100
3607	0.000100
3608	0.000100
3609	0.000100
3610	0.000100
3611	0.000100
3612	0.000100
3613	0.000100
3614	0.000100
3615	0.000100
3616	0.000100
3617	0.000100
3618	0.000100
3619	0.000100
3620	0.000000
3621	0.000000
3622	0.000000
3623	0.000000
3624	0.000000
3625	0.000000
3626	0.000000
3627	0.000000
3628	0.000000
3629	0.000000
3630	0.000000
3631	0.000000
3632	0.000000
3633	0.000000
3634	0.000000
3635	0.000100
3636	0.000100
3637	0.000100
3638	0.000100
3639	0.000100
3640	0.000100
3641	0.000100
3642	0.000100
3643	0.000100
3644	0.000100
3645	0.000100
3646	0.000100
3647	0.000100
3648	0.000100
3649	0.000100
3650	0.000100
3651	0.000100
3652	0.000000
3653	0.000000
3654	0.000000
3655	0.000000
3656	0.000000
3657	0.000000
3658	0.000000
3659	0.000000
3660	0.000000
3661	0.000000
3662	0.000000
3663	0.000000
3664	0.000000
3665	0.000000
3666	0.000000
3667	0.000000
3668	0.000000
3669	0.000100
3670	0.000100
3671	0.000100
3672	0.000100
3673	0.000100
3674	0.000100
3675	0.000100
3676	0.000100
3677	0.000100
3678	0.000100
3679	0.000100
3680	0.000100
3681	0.000100
3682	0.000100
3683	0.000100
3684	0.000100
3685	0.000100
3686	0.000100
3687	0.000100
3688	0.000100
3689	0.000100
3690	0.000100
3691	0.000100
3692	0.000000
3693	0.000000
3694	0.000000
3695	0.000000
3696	0.000000
3697	0.000000
3698	0.000000
3699	0.000000
3700	0.000000
3701	0.000000
3702	0.000000
3703	0.000000
3704	0.000000
3705	0.000000
3706	0.000000
3707	0.000100
3708	0.000100
3709	0.000100
3710	0.000100
3711	0.000100
3712	0.000100
3713	0.000100
3714	0.000100
3715	0.000100
3716	0.000100
3717	0.000100
3718	0.000100
3719	0.000100
3720	0.000100
3721	0.000100
3722	0.000100
3723	0.000000
3724	0.000000
3725	0.000000
3726	0.000000
3727	0.000000
3728	0.000000
3729	0.000000
3730	0.000000
3731	0.000000
3732	0.000000
3733	0.000000
3734	0.000000
3735	0.000000
3736	0.000000
3737	0.000000
3738	0.000000
3739	0.000000
3740	0.000100
3741	0.000100
3742	0.000100
3743	0.000100
3744	0.000100
3745	0.000100
3746	0.000100
3747	0.000100
3748	0.000100
3749	0.000100
3750	0.000100
3751	0.000100
3752	0.000100
3753	0.000100
3754	0.000100
3755	0.000100
3756	0.000100
3757	0.000100
3758	0.000100
3759	0.000100
3760	0.000100
3761	0.000100
3762	0.000100
3763	0.000100
3764	0.000100
3765	0.000000
3766	0.000000
3767	0.000000
3768	0.000000
3769	0.000000
3770	0.000000
3771	0.000000
3772	0.000000
3773	0.000000
3774	0.000000
3775	0.000000
3776	0.000000
3777	0.000000
3778	0.000000
3779	0.000000
3780	0.000100
3781	0.000100
3782	0.000100
3783	0.000100
3784	0.000100
3785	0.000100
3786	0.000100
3787	0.000100
3788	0.000100
3789	0.000100
3790	0.000100
3791	0.000100
3792	0.000100
3793	0.000100
3794	0.000000
3795	0.000000
3796	0.000000
3797	0.000000
3798	0.000000
3799	0.000000
3800	0.000000
3801	0.000000
3802	0.000000
3803	0.000000
3804	0.000000
3805	0.000000
3806	0.000000
3807	0.000000
3808	0.000000
3809	0.000000
3810	0.000000
3811	0.000000
3812	0.000100
3813	0.000100
3814	0.000100
3815	0.000100
3816	0.000100
3817	0.000100
3818	0.000100
3819	0.000100
3820	0.000100
3821	0.000100
3822	0.000100
3823	0.000100
3824	0.000100
3825	0.000100
3826	0.000100
3827	0.000100
3828	0.000100
3829	0.000100
3830	0.000100
3831	0.000100
3832	0.000100
3833	0.000100
3834	0.000100
3835	0.000100
3836	0.000100
3837	0.000000
3838	0.000000
3839	0.000000
3840	0.000000
3841	0.000000
3842	0.000000
3843	0.000000
3844	0.000000
3845	0.000000
3846	0.000000
3847	0.000000
3848	0.000000
3849	0.000000
3850	0.000100
3851	0.000100
3852	0.000100
3853	0.000100
3854	0.000100
3855	0.000100
3856	0.000100
3857	0.000100
3858	0.000100
3859	0.000100
3860	0.000100
3861	0.000100
3862	0.000100
3863	0.000100
3864	0.000000
3865	0.000000
3866	0.000000
3867	0.000000
3868	0.000000
3869	0.000000
3870	0.000000
3871	0.000000
3872	0.000000
3873	0.000000
3874	0.000000
3875	0.000000
3876	0.000000
3877	0.000000
3878	0.000000
3879	0.000000
3880	0.000000
3881	0.000000
3882	0.000000
3883	0.000100
3884	0.000100
3885	0.000100
3886	0.000100
3887	0.000100
3888	0.000100
3889	0.000100
3890	0.000100
3891	0.000100
3892	0.000100
3893	0.000100
3894	0.000100
3895	0.000100
3896	0.000100
3897	0.000100
3898	0.000100
3899	0.000100
3900	0.000100
3901	0.000100
3902	0.000100
3903	0.000100
3904	0.000100
3905	0.000100
3906	0.000100
3907	0.000100
3908	0.000100
3909	0.000000
3910	0.000000
3911	0.000000
3912	0.000000
3913	0.000000
3914	0.000000
3915	0.000000
3916	0.000000
3917	0.000000
3918	0.000000
3919	0.000000
3920	0.000100
3921	0.000100
3922	0.000100
3923	0.000100
3924	0.000100
3925	0.000100
3926	0.000100
3927	0.000100
3928	0.000100
3929	0.000100
3930	0.000100
3931	0.000100
3932	0.000100
3933	0.000100
3934	0.000100
3935	0.000000
3936	0.000000
3937	0.000000
3938	0.000000
3939	0.000000
3940	0.000000
3941	0.000000
3942	0.000000
3943	0.000000
3944	0.000000
3945	0.000000
3946	0.000000
3947	0.000000
3948	0.000000
3949	0.000000
3950	0.000000
3951	0.000000
3952	0.000000
3953	0.000000
3954	0.000100
3955	0.000100
3956	0.000100
3957	0.000100
3958	0.000100
3959	0.000100
3960	0.000100
3961	0.000100
3962	0.000100
3963	0.000100
3964	0.000100
3965	0.000100
3966	0.000100
3967	0.000100
3968	0.000100
3969	0.000100
3970	0.000100
3971	0.000100
3972	0.000100
3973	0.000100
3974	0.000100
3975	0.000100
3976	0.000100
3977	0.000100
3978	0.000100
3979	0.000100
3980	0.000100
3981	0.000100
3982	0.000000
3983	0.000000
3984	0.000000
3985	0.000000
3986	0.000000
3987	0.000000
3988	0.000000
3989	0.000000
3990	0.000100
3991	0.000100
3992	0.000100
3993	0.000100
3994	0.000100
3995	0.000100
3996	0.000100
3997	0.000100
3998	0.000100
3999	0.000100
4000	0.000100
4001	0.000100
4002	0.000100
4003	0.000100
4004	0.000100
4005	0.000100
4006	0.000000
4007	0.000000
4008	0.000000
4009	0.000000
4010	0.000000
4011	0.000000
4012	0.000000
4013	0.000000
4014	0.000000
4015	0.000000
4016	0.000000
4017	0.000000
4018	0.000000
4019	0.000000
4020	0.000000
4021	0.000000
4022	0.000000
4023	0.000000
4024	0.000000
4025	0.000000
4026	0.000100
4027	0.000100
4028	0.000100
4029	0.000100
4030	0.000100
4031	0.000100
4032	0.000100
4033	0.000100
4034	0.000100
4035	0.000100
4036	0.000100
4037	0.000100
4038	0.000100
4039	0.000100
4040	0.000100
4041	0.000100
4042	0.000100
4043	0.000100
4044	0.000100
4045	0.000100
4046	0.000100
4047	0.000100
4048	0.000100
4049	0.000100
4050	0.000100
4051	0.000100
4052	0.000100
4053	0.000100
4054	0.000000
4055	0.000000
4056	0.000000
4057	0.000000
4058	0.000000
4059	0.000000
4060	0.000100
4061	0.000100
4062	0.000100
4063	0.000100
4064	0.000100
4065	0.000100
4066	0.000100
4067	0.000100
4068	0.000100
4069	0.000100
4070	0.000100
4071	0.000100
4072	0.000100
4073	0.000100
4074	0.000100
4075	0.000100
4076	0.000100
4077	0.000000
4078	0.000000
4079	0.000000
4080	0.000000
4081	0.000000
4082	0.000000
4083	0.000000
4084	0.000000
4085	0.000000
4086	0.000000
4087	0.000000
4088	0.000000
4089	0.000000
4090	0.000000
4091	0.000000
4092	0.000000
4093	0.000000
4094	0.000000
4095	0.000000
4096	0.000000
4097	0.000100
4098	0.000100
4099	0.000100
4100	0.000100
4101	0.000100
4102	0.000100
4103	0.000100
4104	0.000100
4105	0.000100
4106	0.000100
4107	0.000100
4108	0.000100
4109	0.000100
4110	0.000100
4111	0.000100
4112	0.000100
4113	0.000100
4114	0.000100
4115	0.000100
4116	0.000100
4117	0.000100
4118	0.000100
4119	0.000100
4120	0.000100
4121	0.000100
4122	0.000100
4123	0.000100
4124	0.000100
4125	0.000100
4126	0.000000
4127	0.000000
4128	0.000000
4129	0.000000
4130	0.000100
4131	0.000100
4132	0.000100
4133	0.000100
4134	0.000100
4135	0.000100
4136	0.000100
4137	0.000100
4138	0.000100
4139	0.000100
4140	0.000100
4141	0.000100
4142	0.000100
4143	0.000100
4144	0.000100
4145	0.000100
4146	0.000100
4147	0.000100
4148	0.000000
4149	0.000000
4150	0.000000
4151	0.000000
4152	0.000000
4153	0.000000
4154	0.000000
4155	0.000000
4156	0.000000
4157	0.000000
4158	0.000000
4159	0.000000
4160	0.000000
4161	0.000000
4162	0.000000
4163	0.000000
4164	0.000000
4165	0.000000
4166	0.000000
4167	0.000000
4168	0.000100
4169	0.000100
4170	0.000100
4171	0.000100
4172	0.000100
4173	0.000100
4174	0.000100
4175	0.000100
4176	0.000100
4177	0.000100
4178	0.000100
4179	0.000100
4180	0.000100
4181	0.000100
4182	0.000100
4183	0.000100
4184	0.000100
4185	0.000100
4186	0.000100
4187	0.000100
4188	0.000100
4189	0.000100
4190	0.000100
4191	0.000100
4192	0.000100
4193	0.000100
4194	0.000100
4195	0.000100
4196	0.000100
4197	0.000100
4198	0.000100
4199	0.000000
